12/01/2006,12.06,12.63,12.06,12.10,78115724,965213760.000
12/04/2006,11.99,12.44,11.75,12.40,61795315,750914560.000
12/05/2006,12.40,13.35,12.28,12.70,87529497,1112016512.000
12/06/2006,12.70,12.89,12.08,12.50,74553216,930781760.000
12/07/2006,12.40,12.89,12.23,12.23,62702811,787764608.000
12/08/2006,11.95,12.25,11.59,11.63,64118965,764908096.000
12/11/2006,11.60,12.79,11.51,12.79,65275688,791186688.000
12/12/2006,12.90,13.30,12.57,12.95,91748719,1190146304.000
12/13/2006,12.95,13.08,12.59,12.92,61198378,785800064.000
12/14/2006,12.90,13.04,12.70,12.86,39552215,506646912.000
12/15/2006,13.00,13.68,12.85,13.25,78065744,1037060672.000
12/18/2006,13.24,14.24,13.10,14.15,88512262,1210963840.000
12/19/2006,14.18,14.50,13.86,14.04,68667992,970268608.000
12/20/2006,13.90,14.60,13.79,14.53,42144157,595645632.000
12/25/2006,14.63,15.93,14.63,15.00,70456378,1080667392.000
12/26/2006,15.03,15.50,14.61,15.07,44579578,674929984.000
12/27/2006,14.99,15.42,14.88,15.20,33060101,502686048.000
12/28/2006,15.30,15.88,14.95,15.05,46033246,703944960.000
12/29/2006,15.16,15.63,15.16,15.44,62509556,967001152.000
01/04/2007,15.70,16.56,15.28,15.48,75119519,1206785792.000
01/05/2007,15.30,15.46,14.62,14.85,56126694,840794176.000
01/08/2007,14.78,15.37,14.51,15.29,75779702,1128694528.000
01/09/2007,15.32,15.80,15.12,15.60,57256496,893335488.000
01/10/2007,15.80,17.16,15.70,17.16,84931088,1397436928.000
01/11/2007,16.99,17.42,16.40,16.43,69386800,1173033472.000
01/12/2007,16.63,16.98,15.80,16.10,43678650,717145152.000
01/15/2007,16.15,17.71,16.15,17.71,86937653,1499550080.000
01/16/2007,17.94,19.41,17.57,19.20,66627130,1213003648.000
01/17/2007,18.80,18.84,17.28,17.28,149574264,2662410240.000
01/18/2007,16.59,17.14,15.55,16.97,164729788,2697355520.000
01/19/2007,16.96,17.45,16.48,17.19,73351406,1250426240.000
01/22/2007,17.25,17.56,16.46,17.30,81827290,1391151744.000
01/23/2007,17.30,17.36,16.32,16.93,59861916,1009189888.000
01/24/2007,16.65,18.33,16.60,17.93,70455668,1256829952.000
01/25/2007,17.60,18.77,17.40,17.65,69758067,1265583104.000
01/26/2007,17.48,18.72,17.39,18.58,72938978,1318740992.000
01/29/2007,18.56,19.00,17.90,18.03,79197795,1448610688.000
01/30/2007,17.90,17.90,16.89,16.90,91582843,1575848064.000
01/31/2007,16.79,16.80,15.22,15.31,87639705,1400388096.000
02/01/2007,15.00,15.98,14.93,15.65,63883395,996461952.000
02/02/2007,15.70,15.72,14.30,14.42,75656142,1116493056.000
02/05/2007,14.35,14.91,13.80,14.70,66930063,959280832.000
02/06/2007,14.68,14.68,13.70,14.59,81574031,1154987264.000
02/07/2007,14.70,15.60,14.70,15.36,89125184,1365736704.000
02/08/2007,15.45,15.67,15.00,15.32,34597341,525709632.000
02/09/2007,15.33,15.35,14.58,15.04,42331375,628843840.000
02/12/2007,14.88,16.00,14.61,15.91,58146990,906342144.000
02/13/2007,16.14,16.54,16.00,16.24,46427112,756081792.000
02/14/2007,16.25,17.00,16.20,17.00,47655197,792014016.000
02/15/2007,17.15,17.60,16.60,17.25,44550768,764352640.000
02/16/2007,17.25,17.31,16.60,16.65,57537650,965173568.000
02/26/2007,16.40,16.40,15.48,15.84,60483953,954615104.000
02/27/2007,15.84,15.85,14.26,14.26,81945703,1237751936.000
02/28/2007,14.03,14.98,13.80,14.74,62400062,896147456.000
03/01/2007,14.77,14.80,13.86,14.01,46246776,659624000.000
03/02/2007,14.08,14.65,13.95,14.39,47491044,683257984.000
03/05/2007,14.35,15.46,14.11,15.30,83629650,1245566848.000
03/06/2007,15.13,15.70,14.76,15.29,54035220,823296512.000
03/07/2007,15.33,15.79,15.33,15.61,36641059,571521728.000
03/08/2007,15.63,16.10,15.43,15.82,37767061,595532224.000
03/09/2007,15.80,15.85,15.35,15.60,47414670,736848000.000
03/12/2007,15.40,15.46,14.80,15.17,45764928,689526528.000
03/13/2007,15.10,15.65,14.78,15.60,55414736,842366336.000
03/14/2007,15.20,15.45,14.80,15.05,39803007,600511744.000
03/15/2007,15.18,16.22,15.16,16.00,99628564,1577702528.000
03/16/2007,16.20,16.32,15.57,15.90,52163018,835150016.000
03/19/2007,15.30,16.67,15.10,16.56,87816269,1424977920.000
03/20/2007,16.80,17.10,16.37,16.75,79983846,1342364800.000
03/21/2007,16.90,17.50,16.86,17.02,77690623,1331946496.000
03/22/2007,17.12,17.25,16.40,16.55,78804913,1317893888.000
03/23/2007,16.40,16.50,15.96,16.23,50240353,814806592.000
03/26/2007,16.31,16.74,16.20,16.66,43029193,707606976.000
03/27/2007,16.66,16.66,16.35,16.37,43321877,713507520.000
03/28/2007,16.37,16.80,15.92,16.59,55203610,909728768.000
03/29/2007,16.71,17.50,16.59,16.92,86876707,1480475648.000
03/30/2007,16.88,16.88,16.40,16.59,40020794,664281472.000
04/02/2007,16.53,17.24,16.52,17.07,62990609,1065350464.000
04/03/2007,17.13,17.90,16.95,17.68,83528099,1464758016.000
04/04/2007,17.70,18.00,17.50,17.79,58430887,1037159936.000
04/05/2007,17.72,17.96,17.49,17.58,57586802,1019183488.000
04/06/2007,17.50,17.54,17.19,17.42,63162151,1094644608.000
04/09/2007,17.55,17.77,17.30,17.42,58523319,1023690688.000
04/10/2007,17.45,17.61,16.91,17.48,68729293,1188530432.000
04/11/2007,17.48,18.80,17.48,18.63,117809775,2120842880.000
04/12/2007,18.69,18.90,18.25,18.64,73507912,1363986688.000
04/16/2007,18.71,18.98,18.38,18.88,73931434,1384604672.000
04/17/2007,19.05,19.91,18.98,19.46,93713896,1823483776.000
04/18/2007,19.46,19.49,18.58,18.76,72114284,1361235968.000
04/19/2007,18.51,18.51,17.00,17.44,95584880,1693235712.000
04/20/2007,17.40,18.38,17.40,17.93,68394652,1226800768.000
04/23/2007,17.90,18.66,17.89,18.44,59985229,1103855488.000
04/24/2007,18.52,18.68,17.85,17.90,70678863,1281282176.000
04/25/2007,17.90,18.50,17.60,18.36,62488018,1134619008.000
04/26/2007,18.40,19.13,18.40,18.56,78615625,1478875392.000
04/27/2007,18.62,18.74,17.80,17.95,46701398,847906752.000
04/30/2007,17.88,18.25,17.80,18.08,60348532,1087208064.000
05/08/2007,18.68,19.89,18.60,19.89,139751659,2734427648.000
05/09/2007,20.39,21.88,20.11,21.88,164041549,3455537152.000
05/10/2007,22.26,22.29,21.10,21.55,80033729,1743018496.000
05/11/2007,21.30,22.55,20.78,22.39,92589823,1984179072.000
05/14/2007,22.30,24.52,21.70,24.06,104701655,2474989568.000
05/15/2007,24.10,24.55,22.80,22.97,90648213,2127296512.000
05/16/2007,15.07,15.82,14.65,15.72,125929556,1924553088.000
05/17/2007,15.97,16.77,15.74,16.53,136248200,2211429888.000
05/18/2007,16.50,16.96,16.10,16.60,118765338,1978569984.000
05/21/2007,15.88,16.90,15.75,16.60,152710518,2523840000.000
05/22/2007,16.60,17.74,16.40,17.40,161877616,2747166976.000
05/23/2007,17.39,18.60,17.15,18.25,137563850,2481236992.000
05/24/2007,18.47,19.05,18.08,18.60,188871195,3503013120.000
05/25/2007,18.16,18.58,18.16,18.32,112658349,2066272640.000
05/28/2007,18.40,18.85,18.40,18.45,95769655,1776993792.000
05/29/2007,18.50,19.50,18.48,19.47,125899337,2383057408.000
05/30/2007,18.30,19.70,17.56,18.70,286909482,5340912640.000
05/31/2007,18.60,19.63,17.75,19.41,221241096,4187586048.000
06/01/2007,19.55,19.77,17.90,18.20,206743213,3909722368.000
06/04/2007,18.25,18.50,16.38,16.38,156947052,2666366464.000
06/05/2007,15.88,17.90,14.90,17.90,203730877,3331714816.000
06/06/2007,18.19,19.03,17.45,18.75,184552751,3408495104.000
06/07/2007,18.65,19.17,18.48,19.00,147279757,2768406784.000
06/08/2007,18.90,18.90,18.30,18.55,121324305,2255085056.000
06/11/2007,18.61,18.84,18.31,18.61,128177552,2374800128.000
06/12/2007,18.61,18.78,18.00,18.54,116449875,2145406336.000
06/13/2007,18.68,19.89,18.67,19.55,169129069,3287762944.000
06/14/2007,19.32,19.62,18.78,18.95,104035614,1994526848.000
06/15/2007,18.99,19.35,18.66,19.10,93025540,1768132608.000
06/18/2007,19.55,20.26,19.20,19.97,157566637,3100080384.000
06/19/2007,19.99,20.93,19.55,20.80,127810001,2612638976.000
06/20/2007,21.30,21.44,19.80,20.06,145672346,3019871744.000
06/21/2007,19.88,20.72,19.82,20.23,98316992,1996159104.000
06/22/2007,20.23,20.59,19.35,19.66,102658984,2047977344.000
06/25/2007,19.69,20.20,19.12,19.28,89975388,1774310912.000
06/26/2007,19.00,19.50,18.75,19.40,57763847,1102488448.000
06/27/2007,19.62,20.33,19.48,20.18,82327895,1644221184.000
06/28/2007,20.25,20.50,19.35,19.40,62248889,1236698496.000
06/29/2007,19.00,19.44,18.80,19.12,61443326,1172831872.000
07/02/2007,19.00,19.19,18.02,18.64,57026459,1063789824.000
07/03/2007,18.76,19.50,18.76,19.41,52665501,1011048192.000
07/04/2007,19.45,20.30,19.00,19.32,67789700,1339453568.000
07/05/2007,19.00,19.45,18.50,18.56,42259776,796400064.000
07/06/2007,18.50,19.50,18.11,19.38,50872552,960239232.000
07/09/2007,19.42,20.20,19.42,19.93,73580293,1466734848.000
07/10/2007,20.18,21.10,20.15,20.52,159987010,3311807488.000
07/11/2007,20.65,21.74,20.65,21.20,98422046,2102373504.000
07/12/2007,21.20,21.78,20.90,21.26,54704920,1170017792.000
07/16/2007,21.30,21.73,20.48,20.56,46394376,982141568.000
07/17/2007,20.54,22.62,20.40,22.62,97941619,2141949568.000
07/18/2007,23.13,24.50,22.98,23.47,131320541,3093512704.000
07/19/2007,23.00,23.87,22.87,23.31,54801695,1281148416.000
07/20/2007,23.10,25.64,23.01,25.64,121498681,3037934336.000
07/23/2007,26.20,27.58,25.82,26.36,133281901,3540012032.000
07/24/2007,26.57,27.85,26.00,27.05,91281312,2468484352.000
07/25/2007,27.35,27.40,26.40,27.25,81597231,2198874624.000
07/26/2007,27.36,27.98,26.50,27.41,85379343,2311955968.000
07/27/2007,27.00,27.48,26.60,27.30,70659474,1909506176.000
07/30/2007,26.86,29.55,26.80,28.49,98321679,2802510848.000
07/31/2007,28.40,28.70,28.00,28.30,72251171,2048712064.000
08/01/2007,28.30,29.90,27.81,28.70,102375930,2967529984.000
08/02/2007,29.10,31.57,29.10,31.57,93699187,2819053568.000
08/03/2007,31.81,34.70,31.68,33.80,132515906,4397603328.000
08/06/2007,34.00,34.40,32.90,33.97,111063337,3731805696.000
08/07/2007,33.89,33.89,32.30,33.38,109774631,3633934592.000
08/08/2007,32.85,33.09,31.61,32.27,107037561,3447717120.000
08/09/2007,32.60,35.48,32.06,35.34,149620937,4997030400.000
08/10/2007,35.00,35.00,33.09,33.76,134628482,4561897984.000
08/13/2007,32.98,34.01,32.40,33.13,87283823,2889104128.000
08/14/2007,32.99,33.66,31.90,33.30,107404967,3517516544.000
08/15/2007,33.66,34.50,33.15,33.72,94821089,3216462336.000
08/16/2007,32.80,33.58,31.90,32.08,108910806,3528497664.000
08/17/2007,31.75,32.58,30.70,30.85,96473113,3037189376.000
08/20/2007,31.88,33.28,31.88,33.07,80084414,2620819456.000
08/21/2007,33.40,33.75,32.73,32.93,83581983,2773571584.000
08/22/2007,33.30,35.80,33.30,34.00,91971652,3166700032.000
08/23/2007,34.46,35.58,34.15,34.79,133081134,4651671552.000
08/29/2007,35.80,36.89,33.88,34.00,130393195,4585315328.000
08/30/2007,34.02,34.80,32.95,33.58,79230674,2659503616.000
08/31/2007,33.58,34.30,33.21,33.80,75416090,2533354752.000
09/03/2007,33.84,34.25,33.36,33.70,97318143,3272845568.000
09/04/2007,34.00,35.16,33.88,34.13,121548073,4190189568.000
09/05/2007,34.14,34.50,32.15,33.08,111753718,3691378944.000
09/06/2007,33.50,33.90,32.18,33.29,87215879,2876952064.000
09/07/2007,33.00,33.00,31.88,31.98,107438574,3462661632.000
09/10/2007,31.50,32.93,31.40,32.40,74055516,2383417856.000
09/11/2007,32.40,32.80,30.55,30.78,77429368,2456553728.000
09/12/2007,30.77,31.46,30.00,30.97,73323519,2241725696.000
09/13/2007,31.10,32.74,30.80,31.93,97907275,3140448000.000
09/17/2007,31.40,32.50,30.90,31.93,86911881,2731383552.000
09/18/2007,31.93,31.93,30.50,30.70,123921760,3828947200.000
09/19/2007,31.05,31.76,30.75,30.80,56339761,1751578240.000
09/20/2007,30.90,31.54,30.25,30.46,65353587,1999988224.000
09/21/2007,30.60,31.05,29.20,29.90,86434760,2587437056.000
09/24/2007,29.90,31.21,29.35,30.99,83663749,2547894272.000
09/25/2007,31.00,32.30,30.50,31.53,78674246,2498028288.000
09/26/2007,31.02,31.50,29.78,29.86,67835709,2064198272.000
09/27/2007,29.80,29.80,28.90,29.25,58139085,1695633536.000
09/28/2007,29.62,30.80,29.62,30.20,68345712,2064138496.000
10/08/2007,30.98,33.22,30.30,33.22,202298399,6557742592.000
10/09/2007,33.58,34.43,32.49,33.21,136132536,4596616192.000
10/10/2007,33.29,34.60,33.10,33.30,101757915,3449748480.000
10/11/2007,33.43,34.89,33.43,34.27,131147821,4502185472.000
10/12/2007,34.00,34.05,31.30,32.89,114227166,3734258176.000
10/15/2007,32.38,32.38,30.91,31.27,95091657,2970488576.000
10/16/2007,31.15,32.99,30.96,32.26,81462988,2627410688.000
10/17/2007,31.80,32.99,31.50,31.60,53939513,1728537344.000
10/18/2007,31.60,31.97,30.60,30.60,54399136,1691097216.000
10/19/2007,30.80,32.55,30.75,31.50,72865479,2322670592.000
10/22/2007,30.60,32.47,30.50,31.70,57684875,1841058560.000
10/23/2007,31.70,33.39,31.50,33.00,78764559,2558189056.000
10/24/2007,33.00,34.85,32.95,33.51,126779979,4342935552.000
10/25/2007,33.60,34.80,32.65,33.80,108967300,3702467328.000
10/26/2007,33.81,36.00,33.81,35.45,136327484,4798545920.000
10/29/2007,36.12,37.21,35.40,35.82,77680068,2835942400.000
10/30/2007,36.00,36.67,35.10,35.67,49683258,1776709248.000
10/31/2007,36.30,38.93,35.55,38.93,102257220,3791267072.000
11/01/2007,39.00,40.78,38.20,39.50,95782978,3782251008.000
11/02/2007,38.70,40.66,38.21,39.05,62871777,2495787520.000
11/05/2007,38.80,39.05,35.20,35.90,71876952,2636912640.000
11/06/2007,35.20,37.11,35.00,36.08,41193033,1500622976.000
11/07/2007,36.35,37.25,35.80,36.50,34404752,1255551360.000
11/08/2007,36.35,36.60,34.88,34.93,44797342,1593598336.000
11/09/2007,34.50,36.00,33.95,35.00,43677137,1530425728.000
11/12/2007,34.28,36.71,34.00,36.37,74743804,2660452608.000
11/13/2007,36.90,37.21,34.80,35.28,61737972,2223223296.000
11/14/2007,35.86,36.31,34.13,36.00,48587136,1715657344.000
11/15/2007,35.69,36.21,35.21,35.49,32046558,1145195264.000
11/16/2007,34.87,35.20,33.51,34.30,51591529,1760870528.000
11/19/2007,34.00,34.30,32.40,32.93,39359850,1306129664.000
11/20/2007,32.50,33.60,32.00,33.30,46241156,1510779264.000
11/21/2007,33.30,34.38,32.50,32.82,31164084,1044053888.000
11/22/2007,32.10,32.39,31.02,31.18,38919130,1231421184.000
11/23/2007,30.60,32.18,30.59,31.50,34258932,1080188160.000
11/26/2007,32.10,32.34,31.46,31.46,24150515,772167680.000
11/27/2007,31.18,31.70,30.00,30.20,36821321,1134041728.000
11/28/2007,30.21,31.00,29.68,29.96,33410648,1011976576.000
11/29/2007,30.45,31.50,29.34,31.26,37333564,1140595200.000
11/30/2007,31.48,32.34,31.00,31.55,30803445,977290688.000
12/03/2007,31.48,33.13,30.96,32.53,49016420,1588351872.000
12/04/2007,32.79,33.89,32.60,32.92,33976639,1131331840.000
12/05/2007,33.00,33.98,32.53,33.60,31744266,1064713472.000
12/06/2007,33.70,34.39,33.05,33.50,18047599,609322496.000
12/07/2007,33.65,33.80,32.60,33.52,32698171,1078898560.000
12/10/2007,32.51,33.50,32.20,33.10,59357893,1952489600.000
12/11/2007,33.15,33.40,31.75,32.30,55844926,1806130560.000
12/12/2007,31.79,31.79,30.60,31.02,126515648,3910313728.000
12/13/2007,30.75,30.75,29.29,29.40,123609250,3693639424.000
12/14/2007,28.84,29.98,28.46,29.95,66491468,1948186240.000
12/17/2007,29.50,29.50,27.00,27.10,137968297,3815048192.000
12/18/2007,26.90,27.89,26.60,27.25,46693431,1274608256.000
12/19/2007,27.65,28.15,27.65,27.80,36759472,1025057600.000
12/20/2007,27.85,28.62,27.20,28.38,57742076,1618734592.000
12/21/2007,28.12,28.63,27.93,28.30,65803380,1852388480.000
12/24/2007,28.52,28.80,27.52,28.66,104662803,2953462272.000
12/25/2007,28.67,28.67,27.60,27.82,148191406,4131590144.000
12/26/2007,27.83,28.39,27.21,27.74,109989941,3041213184.000
12/27/2007,27.85,29.57,27.35,29.31,182320973,5238362112.000
12/28/2007,29.41,29.61,28.78,28.84,114970833,3358320384.000
01/02/2008,29.02,29.51,28.39,29.19,93879671,2719853824.000
01/03/2008,29.10,29.10,28.01,28.49,97292411,2758851072.000
01/04/2008,28.60,29.60,28.23,29.24,109093075,3170686208.000
01/07/2008,29.31,30.55,29.31,30.18,113901023,3437424128.000
01/08/2008,30.05,30.64,29.50,29.88,102377595,3089372416.000
01/09/2008,29.74,30.45,29.31,30.18,57116132,1716657664.000
01/10/2008,30.26,31.34,29.95,30.55,125618436,3856358656.000
01/11/2008,31.00,31.33,30.60,31.06,61313873,1902466176.000
01/14/2008,31.30,31.89,31.10,31.23,56463521,1774070912.000
01/15/2008,31.31,31.48,30.15,30.25,93052142,2840450816.000
01/16/2008,29.80,29.80,28.50,28.58,113590923,3293513984.000
01/17/2008,28.40,28.98,27.01,27.61,106510665,2967238400.000
01/18/2008,27.70,27.97,27.28,27.84,57437730,1590205312.000
01/21/2008,27.85,27.90,25.80,26.00,90296576,2413893632.000
01/22/2008,25.37,25.75,23.40,23.75,97433888,2383052800.000
01/23/2008,24.20,25.00,23.71,24.71,73260253,1797466368.000
01/24/2008,25.01,25.50,24.08,25.33,71563020,1781213056.000
01/25/2008,25.10,27.81,24.53,27.00,107882689,2852252928.000
01/28/2008,26.95,26.95,24.98,25.55,54900983,1412645632.000
01/29/2008,25.40,26.75,25.40,26.03,41633395,1089167872.000
01/30/2008,26.50,27.41,25.25,25.60,63333101,1670588544.000
01/31/2008,25.87,27.00,25.61,26.05,59013659,1545391744.000
02/01/2008,26.18,27.15,26.00,27.00,81867116,2186459648.000
02/04/2008,27.75,29.30,27.55,29.03,109595005,3130212864.000
02/05/2008,28.70,29.40,28.10,28.21,45672516,1305692544.000
02/13/2008,27.88,28.00,26.82,27.29,25989726,710852096.000
02/14/2008,27.60,28.00,27.08,27.23,22558864,619396288.000
02/15/2008,27.10,27.10,26.02,26.46,27814669,735130368.000
02/18/2008,26.88,27.56,26.75,27.19,28317085,771132224.000
02/19/2008,27.19,27.60,26.70,27.58,27664635,754995968.000
02/20/2008,27.22,27.75,26.20,26.20,45425166,1217895552.000
02/21/2008,26.00,26.01,24.80,25.20,60516349,1526324864.000
02/22/2008,25.20,25.20,23.85,23.99,71773491,1740333568.000
02/25/2008,24.06,24.49,22.63,22.81,63807784,1483336192.000
02/26/2008,23.60,23.87,21.86,22.82,74972384,1698750336.000
02/27/2008,23.00,23.92,22.60,23.56,50309464,1176979584.000
02/28/2008,23.59,23.59,22.90,22.99,27164100,629389568.000
02/29/2008,22.97,23.60,22.68,23.25,25605064,595555008.000
03/03/2008,23.11,23.82,22.45,23.40,42339205,985677184.000
03/04/2008,23.56,23.89,22.39,22.45,53697021,1236939520.000
03/05/2008,22.45,23.10,20.78,23.05,115779750,2505239040.000
03/06/2008,22.78,23.80,22.15,22.92,74572444,1725393920.000
03/07/2008,22.53,23.83,22.41,23.30,60219191,1411162240.000
03/10/2008,23.20,23.20,21.88,22.05,51360786,1150421248.000
03/11/2008,21.80,22.53,21.10,22.10,36746607,796700864.000
03/12/2008,22.70,22.88,21.00,21.21,41821144,905553024.000
03/13/2008,20.94,21.42,20.37,20.81,47163211,978113856.000
03/14/2008,20.73,21.40,20.10,20.95,32971308,682064448.000
03/17/2008,21.00,22.40,20.50,21.84,77088035,1666379904.000
03/18/2008,21.55,22.40,21.01,21.45,71569216,1559377408.000
03/19/2008,22.10,23.60,22.10,23.50,133656653,3070230272.000
03/20/2008,22.90,25.31,22.00,24.90,158618961,3818537472.000
03/21/2008,25.25,25.95,24.29,24.42,112929108,2834339328.000
03/24/2008,24.88,25.03,22.80,22.80,80629913,1926610560.000
03/25/2008,22.60,24.85,22.00,24.20,110443885,2599467264.000
03/26/2008,24.17,25.14,23.98,24.23,107803366,2658593024.000
03/27/2008,23.80,25.44,23.53,24.66,130746528,3233488896.000
03/28/2008,24.60,26.66,24.24,26.66,184737843,4740457984.000
03/31/2008,25.70,26.29,25.31,25.60,87160169,2252391936.000
04/01/2008,25.58,26.48,23.79,24.50,119982989,3020454144.000
04/02/2008,24.91,25.78,23.87,25.00,94049057,2348116992.000
04/03/2008,24.51,25.10,23.39,24.80,90324017,2185811968.000
04/07/2008,24.39,26.30,24.03,26.00,94260914,2398812928.000
04/08/2008,25.90,26.83,25.51,26.46,107060838,2801144064.000
04/09/2008,26.39,27.10,24.95,24.95,106864809,2805433856.000
04/10/2008,24.62,25.58,24.35,25.58,51669236,1291178752.000
04/11/2008,25.70,26.18,25.18,25.47,39732083,1019850368.000
04/14/2008,24.71,25.00,22.92,22.92,132423669,3106403072.000
04/15/2008,22.35,22.48,20.92,22.15,143973227,3089992448.000
04/16/2008,21.60,21.92,21.05,21.11,54914097,1175046016.000
04/17/2008,21.31,22.09,20.50,21.00,60173277,1278386560.000
04/18/2008,20.81,21.19,19.80,20.30,52915418,1083587456.000
04/21/2008,22.10,22.10,18.55,19.30,106122012,2142433024.000
04/22/2008,18.79,20.38,18.35,20.15,76694971,1489941504.000
04/24/2008,22.17,22.17,22.17,22.17,19591808,434350368.000
04/25/2008,22.90,24.39,22.67,23.82,227232989,5399104512.000
04/28/2008,23.35,23.73,22.49,22.90,89853741,2073675648.000
04/29/2008,22.68,23.54,22.52,23.22,51752762,1200531840.000
04/30/2008,23.23,24.90,23.23,24.37,114806581,2780289280.000
05/05/2008,24.60,25.20,24.18,25.16,92949138,2292997888.000
05/06/2008,25.15,25.15,24.21,24.40,56765416,1395342208.000
05/07/2008,24.05,24.69,22.50,22.55,92951267,2186342656.000
05/08/2008,22.20,23.16,22.00,23.02,60816458,1371749632.000
05/09/2008,23.25,23.45,21.33,21.88,141455852,3114431488.000
05/12/2008,21.30,22.00,20.45,21.54,96788771,2043527680.000
05/13/2008,20.78,22.10,20.51,21.14,67494808,1442929408.000
05/14/2008,21.04,22.15,20.89,22.09,59355856,1291763712.000
05/15/2008,22.50,22.99,21.85,21.95,69684805,1566439552.000
05/16/2008,21.75,22.37,21.10,21.66,53300202,1155518336.000
05/19/2008,21.50,21.50,20.50,20.75,86032729,1789430912.000
05/20/2008,20.71,21.25,19.88,20.05,103416524,2118769408.000
05/21/2008,19.86,20.50,19.48,20.50,83218170,1655902848.000
05/22/2008,20.20,20.20,19.70,19.76,58115148,1156348288.000
05/23/2008,19.78,19.95,19.00,19.45,58890091,1144659200.000
05/26/2008,19.21,19.90,18.70,19.49,75533814,1449063680.000
05/27/2008,19.40,20.01,19.12,19.82,57978404,1145017728.000
05/28/2008,19.87,20.34,19.87,20.11,65218706,1314943744.000
05/29/2008,20.10,20.10,19.20,19.22,48777272,958334656.000
05/30/2008,19.20,19.86,19.16,19.75,47559436,927687168.000
06/02/2008,19.51,19.66,19.08,19.35,35100877,678049344.000
06/03/2008,19.58,19.75,19.08,19.58,40153714,780451008.000
06/04/2008,19.57,20.57,19.42,20.50,95575012,1919317888.000
06/06/2008,20.30,20.30,19.48,19.67,52575216,1042787904.000
06/10/2008,18.88,18.88,17.70,17.70,68607536,1233133568.000
06/11/2008,17.10,17.38,16.43,16.76,55515255,937238656.000
06/12/2008,16.81,17.59,16.37,17.35,81290216,1375185152.000
06/13/2008,17.25,17.25,16.46,16.50,58886523,985037952.000
06/16/2008,10.19,10.74,9.93,10.60,122998225,1283732096.000
06/17/2008,10.47,10.66,9.89,9.95,68309112,697508992.000
06/18/2008,9.71,10.42,9.41,10.27,103099571,1032814656.000
06/19/2008,10.00,10.01,9.24,9.24,81199895,780560960.000
06/20/2008,9.29,10.10,8.73,9.35,120903244,1139501952.000
06/23/2008,9.15,9.50,8.88,9.01,63049530,575595584.000
06/24/2008,9.05,9.61,8.99,9.35,96128179,897079808.000
06/25/2008,9.30,9.90,9.21,9.68,120082440,1154579584.000
06/26/2008,9.70,10.06,9.52,9.75,137285087,1342781056.000
06/27/2008,9.34,9.38,8.90,9.04,102252688,933611840.000
06/30/2008,8.93,9.15,8.85,9.01,62768179,565379712.000
07/01/2008,9.05,9.11,8.38,8.46,116239414,1001485824.000
07/02/2008,8.50,8.63,8.34,8.46,79715562,675613568.000
07/03/2008,8.22,8.79,8.02,8.54,84555264,712470784.000
07/04/2008,8.49,9.02,8.41,8.87,141898082,1256313088.000
07/07/2008,8.68,9.52,8.60,9.38,148778501,1376456448.000
07/08/2008,9.48,9.54,9.07,9.26,97186546,903234752.000
07/09/2008,9.40,10.13,9.38,10.01,204946028,2020311168.000
07/10/2008,9.80,10.38,9.63,9.88,170214853,1700807808.000
07/11/2008,9.80,9.90,9.31,9.50,134797262,1278392192.000
07/14/2008,9.45,9.59,9.29,9.48,77538018,729610176.000
07/15/2008,9.52,9.57,8.75,8.80,160251440,1440614016.000
07/16/2008,8.64,8.64,8.20,8.38,113911251,957060032.000
07/17/2008,8.51,8.62,8.30,8.35,97937433,827746240.000
07/18/2008,8.44,8.69,8.15,8.63,121757305,1024043392.000
07/21/2008,8.60,9.00,8.45,8.96,110027047,968552640.000
07/22/2008,8.93,8.97,8.79,8.83,70001630,620879232.000
07/23/2008,8.89,8.95,8.64,8.71,91178646,797638208.000
07/24/2008,8.75,9.45,8.75,9.29,187874625,1712791296.000
07/25/2008,9.10,9.32,8.90,9.15,140890198,1284106880.000
07/28/2008,9.23,9.54,9.15,9.25,128210766,1197857664.000
07/29/2008,8.85,9.06,8.80,8.95,93326836,831985984.000
07/30/2008,8.99,9.08,8.70,8.80,65499276,579845376.000
07/31/2008,8.83,8.89,8.48,8.50,73705429,630540096.000
08/01/2008,8.46,8.85,8.23,8.65,87872069,744794624.000
08/04/2008,8.55,8.60,8.31,8.47,44570727,377845472.000
08/05/2008,8.39,8.53,7.88,7.94,173884494,1397438336.000
08/06/2008,7.92,8.04,7.55,7.80,113875049,888982912.000
08/07/2008,7.73,8.02,7.69,7.91,49242214,387180736.000
08/08/2008,7.98,7.98,7.51,7.53,52179823,399849152.000
08/11/2008,7.50,7.53,7.05,7.11,72444358,526943072.000
08/12/2008,7.01,7.25,6.95,7.12,52849564,374791360.000
08/13/2008,7.05,7.33,6.89,7.24,67902563,481084512.000
08/14/2008,7.22,7.39,7.08,7.28,47193765,343486944.000
08/15/2008,7.29,7.33,7.09,7.14,33966135,244631360.000
08/18/2008,7.15,7.17,6.75,6.75,54225725,373841472.000
08/19/2008,6.68,6.88,6.58,6.88,33504480,226239680.000
08/20/2008,6.80,7.50,6.70,7.46,91994527,672141056.000
08/21/2008,7.33,7.44,7.05,7.07,68341998,494039584.000
08/22/2008,7.01,7.09,6.75,6.87,33477808,230158720.000
08/25/2008,6.88,7.00,6.77,6.86,25928468,179602320.000
08/26/2008,6.78,7.03,6.68,6.93,54898524,377559136.000
08/27/2008,6.89,7.07,6.70,6.80,56200902,386686336.000
08/28/2008,6.80,6.87,6.67,6.73,48268944,325492352.000
08/29/2008,6.80,7.24,6.72,7.08,107657822,756982976.000
09/01/2008,6.99,7.00,6.78,6.87,40449724,277807936.000
09/02/2008,6.87,6.97,6.78,6.79,22519084,154388368.000
09/03/2008,6.80,6.92,6.40,6.63,55217880,367545728.000
09/04/2008,6.60,6.73,6.48,6.61,31627979,208172128.000
09/05/2008,6.41,6.54,6.32,6.36,42398962,273025504.000
09/08/2008,6.35,6.38,5.98,6.00,74572685,453932800.000
09/09/2008,5.91,6.01,5.84,5.92,46287757,273759392.000
09/10/2008,5.82,6.05,5.72,5.92,61169485,361881888.000
09/11/2008,5.87,5.88,5.46,5.55,70151640,399281728.000
09/12/2008,5.50,5.76,5.49,5.63,66757824,378745184.000
09/16/2008,5.69,5.80,5.40,5.58,115217347,649132736.000
09/17/2008,5.59,5.69,5.11,5.16,90702195,485547808.000
09/18/2008,4.95,5.20,4.80,5.17,105825510,526654496.000
09/19/2008,5.69,5.69,5.54,5.69,81155974,460470272.000
09/22/2008,6.20,6.26,5.69,5.95,248944164,1498617728.000
09/23/2008,5.65,5.69,5.48,5.50,113320012,632216256.000
09/24/2008,5.38,5.49,5.15,5.49,76184673,402494432.000
09/25/2008,5.48,6.04,5.36,5.94,270289158,1589284608.000
09/26/2008,5.90,6.53,5.87,6.53,295967766,1843731968.000
10/06/2008,6.30,6.60,6.17,6.27,211642350,1349323904.000
10/07/2008,6.03,6.80,5.91,6.57,199933472,1287596160.000
10/08/2008,6.37,6.72,6.28,6.50,149679562,974411264.000
10/09/2008,6.60,6.69,5.98,6.25,190539860,1209953920.000
10/10/2008,5.92,6.15,5.86,5.91,103610800,618221120.000
10/13/2008,5.91,6.38,5.58,6.37,119339052,715100480.000
10/14/2008,6.53,7.00,6.40,6.49,277397535,1858245504.000
10/15/2008,6.42,6.80,6.36,6.71,206699733,1371101440.000
10/16/2008,6.40,7.05,6.36,6.79,280821678,1904264448.000
10/17/2008,6.85,6.98,6.43,6.75,176961978,1184079488.000
10/20/2008,6.80,7.20,6.49,7.14,231718641,1611208064.000
10/21/2008,7.01,7.20,6.95,6.97,193651965,1370699136.000
10/22/2008,6.81,7.02,6.58,6.60,179738630,1217538432.000
10/23/2008,6.72,6.98,6.42,6.89,224953087,1515940608.000
10/24/2008,6.82,6.87,6.30,6.53,153797519,1016037120.000
10/27/2008,6.30,6.33,5.88,5.88,139398941,841128448.000
10/28/2008,5.47,6.00,5.30,5.79,274233822,1558936704.000
10/29/2008,5.86,6.19,5.61,5.90,196229919,1159098240.000
10/30/2008,5.90,6.25,5.80,5.96,149428805,903903232.000
10/31/2008,5.90,6.02,5.84,5.88,49972387,295481280.000
11/03/2008,5.82,6.04,5.78,5.92,63697374,379838464.000
11/04/2008,5.91,5.91,5.49,5.50,95492979,541941312.000
11/05/2008,5.59,5.90,5.59,5.80,86955883,500939008.000
11/06/2008,5.64,5.69,5.48,5.59,77331993,432105216.000
11/07/2008,5.48,5.77,5.40,5.70,66375071,375554720.000
11/10/2008,5.83,6.15,5.83,6.13,181169500,1088142976.000
11/11/2008,6.08,6.60,6.00,6.27,234074804,1479083136.000
11/12/2008,6.15,6.43,6.10,6.40,124760102,786144704.000
11/13/2008,6.28,6.80,6.13,6.65,270945798,1761937280.000
11/14/2008,6.77,7.02,6.65,6.92,286190718,1962859520.000
11/17/2008,6.80,6.89,6.53,6.83,393377986,2639250944.000
11/18/2008,6.70,6.71,6.15,6.15,306688398,1970202240.000
11/19/2008,6.11,6.55,5.88,6.50,288667967,1801155584.000
11/20/2008,6.30,6.79,6.25,6.63,411218839,2709934336.000
11/21/2008,6.40,7.17,6.32,6.92,492393900,3363058944.000
11/24/2008,6.74,6.83,6.39,6.42,234344735,1545431168.000
11/25/2008,6.54,6.71,6.40,6.56,143814836,941033536.000
11/26/2008,6.56,7.00,6.45,6.80,284382046,1941640960.000
11/27/2008,7.48,7.48,7.01,7.01,568360259,4147249408.000
11/28/2008,6.81,7.02,6.74,6.82,190363154,1309063424.000
12/01/2008,6.82,7.03,6.74,6.96,156857759,1085141760.000
12/02/2008,6.75,7.07,6.72,6.87,126934800,877006848.000
12/03/2008,6.86,7.18,6.86,7.13,200628542,1411265280.000
12/04/2008,7.20,7.47,7.12,7.16,239348321,1750999936.000
12/05/2008,7.15,7.63,7.11,7.55,270092324,2009947264.000
12/08/2008,7.63,8.05,7.62,7.90,288279848,2265517568.000
12/09/2008,7.94,7.94,7.58,7.62,169351853,1307283584.000
12/10/2008,7.57,7.80,7.45,7.78,143670532,1097991424.000
12/11/2008,7.74,7.97,7.63,7.70,156208318,1219329024.000
12/12/2008,7.66,7.74,7.22,7.31,168607088,1247708672.000
12/15/2008,7.42,7.48,7.00,7.20,124044798,894993984.000
12/16/2008,7.19,7.58,7.06,7.58,147695236,1088564992.000
12/17/2008,7.60,7.69,7.50,7.58,138013991,1047151360.000
12/18/2008,7.60,7.84,7.53,7.81,275125899,2107175552.000
12/19/2008,7.73,7.80,7.56,7.72,138264104,1061583616.000
12/22/2008,7.71,7.71,7.19,7.34,199804418,1473696256.000
12/23/2008,7.34,7.38,6.94,6.98,230421699,1636459904.000
12/24/2008,6.89,6.94,6.71,6.77,96650491,658852864.000
12/25/2008,6.78,6.85,6.60,6.70,71808152,483372608.000
12/26/2008,6.71,6.72,6.48,6.53,89507706,588569216.000
12/29/2008,6.46,6.64,6.26,6.61,103178147,662228608.000
12/30/2008,6.56,6.65,6.40,6.50,87922290,572769536.000
12/31/2008,6.50,6.56,6.38,6.45,83622634,541247296.000
01/05/2009,6.58,6.70,6.48,6.70,93604888,615404416.000
01/06/2009,6.68,6.95,6.61,6.90,121683118,835047744.000
01/07/2009,6.93,7.06,6.86,6.86,83482931,580781824.000
01/08/2009,6.75,7.00,6.68,6.90,83766170,571374336.000
01/09/2009,6.90,7.01,6.81,6.89,62681566,432865440.000
01/12/2009,6.82,6.93,6.73,6.81,77418893,529016576.000
01/13/2009,6.71,6.73,6.57,6.57,88412103,588719744.000
01/14/2009,6.57,6.90,6.55,6.89,98944509,665967808.000
01/15/2009,6.77,6.95,6.74,6.85,69456123,474415200.000
01/16/2009,6.85,7.11,6.84,6.92,152049781,1064036672.000
01/19/2009,6.99,7.25,6.92,7.02,125946742,895167360.000
01/20/2009,7.00,7.04,6.84,6.92,62349396,431038400.000
01/21/2009,6.84,7.16,6.80,7.10,131422876,921549120.000
01/22/2009,7.11,7.21,6.97,7.13,89801029,637207552.000
01/23/2009,7.10,7.15,6.99,7.04,58268918,411382112.000
02/02/2009,7.09,7.11,6.96,7.01,71188619,498150496.000
02/03/2009,7.01,7.10,6.75,7.09,311674075,2149248512.000
02/04/2009,7.09,7.26,7.00,7.26,247050262,1766886016.000
02/05/2009,7.26,7.52,7.18,7.26,285770461,2104606976.000
02/06/2009,7.29,7.85,7.29,7.82,372720640,2836660224.000
02/09/2009,7.91,8.03,7.70,7.90,302288015,2385715712.000
02/10/2009,7.90,8.27,7.72,8.14,285523244,2298856960.000
02/11/2009,7.97,8.25,7.89,8.00,269051786,2159901952.000
02/12/2009,8.01,8.14,7.72,8.12,253798624,2015842944.000
02/13/2009,8.12,8.60,8.06,8.55,375290632,3134836480.000
02/16/2009,8.60,8.65,8.27,8.51,293357795,2481661440.000
02/17/2009,8.49,8.49,8.07,8.08,250592964,2066773760.000
02/18/2009,7.90,8.00,7.58,7.59,257758399,2004161408.000
02/19/2009,7.62,7.81,7.50,7.72,178252602,1364318336.000
02/20/2009,7.69,7.80,7.54,7.74,157961219,1208890624.000
02/23/2009,7.85,8.18,7.85,8.10,257479689,2071274624.000
02/24/2009,7.99,8.49,7.80,7.83,275501974,2231257344.000
02/25/2009,7.78,7.78,7.28,7.57,241462418,1822908288.000
02/26/2009,7.48,7.69,7.00,7.19,173081368,1284575744.000
02/27/2009,7.12,7.24,6.96,7.15,156535155,1111825920.000
03/02/2009,7.15,7.56,7.05,7.41,161673234,1192557440.000
03/03/2009,7.25,7.67,7.18,7.42,126813187,950296448.000
03/04/2009,7.50,7.97,7.50,7.90,232419292,1814008704.000
03/05/2009,8.00,8.20,7.80,7.93,170655406,1368102784.000
03/06/2009,7.80,8.23,7.75,8.08,224880876,1824312576.000
03/09/2009,8.15,8.47,7.78,7.89,187995552,1531805568.000
03/10/2009,7.78,7.87,7.54,7.81,120788488,929409088.000
03/11/2009,8.01,8.09,7.61,7.70,131087923,1035662144.000
03/12/2009,7.70,7.86,7.45,7.83,135447870,1030220608.000
03/13/2009,7.83,7.93,7.65,7.71,116240756,903313088.000
03/16/2009,7.67,7.93,7.61,7.89,113859099,890088704.000
03/17/2009,7.90,8.45,7.87,8.36,299657563,2459909376.000
03/18/2009,8.40,8.45,8.24,8.27,243334932,2032544896.000
03/19/2009,8.26,8.43,8.17,8.31,181724039,1507406848.000
03/20/2009,8.38,8.42,8.00,8.13,225408708,1839651968.000
03/23/2009,8.15,8.49,8.10,8.40,318295606,2657452288.000
03/24/2009,8.59,8.73,8.30,8.39,274212103,2329601536.000
03/25/2009,8.29,8.52,8.20,8.20,178930507,1495087232.000
03/26/2009,8.14,8.42,8.02,8.40,186605630,1532377600.000
03/27/2009,8.44,8.45,8.28,8.33,172334345,1442151808.000
03/30/2009,8.36,8.37,8.14,8.22,131743883,1085716480.000
03/31/2009,8.04,8.29,8.02,8.28,152931924,1246727808.000
04/01/2009,8.28,8.62,8.23,8.48,290654601,2446009856.000
04/02/2009,8.51,8.83,8.49,8.62,348074452,3013702400.000
04/03/2009,8.75,8.95,8.60,8.67,273322398,2397088256.000
04/07/2009,8.68,8.78,8.48,8.59,140163709,1206247936.000
04/08/2009,8.58,8.65,8.18,8.19,166367673,1391359488.000
04/09/2009,8.17,8.39,8.10,8.39,141036721,1159600768.000
04/13/2009,8.60,8.69,8.45,8.50,257892869,2211432448.000
04/14/2009,8.50,8.86,8.46,8.76,257561963,2238883584.000
04/15/2009,8.65,8.71,8.40,8.59,205435206,1759300352.000
04/16/2009,8.60,8.64,8.32,8.46,257461063,2171277312.000
04/17/2009,8.45,8.61,8.40,8.43,181179460,1538205696.000
04/20/2009,8.41,8.56,8.37,8.54,196130985,1660378240.000
04/21/2009,8.40,8.49,8.26,8.39,164892153,1384671360.000
04/22/2009,8.43,8.58,8.14,8.15,238576565,1994519552.000
04/23/2009,8.10,8.23,8.04,8.19,123011455,1000533184.000
04/24/2009,8.22,8.25,8.07,8.08,89552724,728145792.000
04/27/2009,8.08,8.16,7.96,8.00,100837440,809949760.000
04/28/2009,7.97,8.02,7.92,7.98,73450478,586151360.000
04/29/2009,7.98,8.38,7.97,8.30,141754271,1167046656.000
04/30/2009,8.50,8.62,8.39,8.48,233574573,1985096448.000
05/04/2009,8.50,8.85,8.43,8.80,314698796,2747488768.000
05/05/2009,8.83,9.28,8.83,9.04,297749536,2713496832.000
05/06/2009,9.06,9.25,9.00,9.16,193047353,1768460416.000
05/07/2009,9.20,9.36,8.89,9.12,191555955,1745922304.000
05/08/2009,9.10,10.00,9.09,9.84,366588643,3482992128.000
05/11/2009,10.10,10.50,9.75,9.80,364266198,3711532800.000
05/12/2009,9.70,10.46,9.69,10.46,204276547,2046352768.000
05/13/2009,10.44,10.60,10.15,10.36,189256958,1957917952.000
05/14/2009,10.17,10.46,9.98,10.41,189404206,1937005824.000
05/15/2009,10.41,10.68,10.17,10.41,194196852,2031446400.000
05/18/2009,10.25,10.26,9.97,10.15,172336713,1738453632.000
05/19/2009,10.35,10.52,10.20,10.25,150154495,1553077120.000
05/20/2009,10.25,10.34,10.04,10.12,122473889,1246065536.000
05/21/2009,10.00,10.05,9.60,9.75,169167090,1664723072.000
05/22/2009,9.70,9.82,9.53,9.65,140142470,1354658944.000
05/25/2009,9.43,9.96,9.35,9.96,221438626,2134350848.000
05/26/2009,9.88,9.88,9.60,9.66,145228146,1414248448.000
05/27/2009,9.79,9.94,9.61,9.74,92847501,909277248.000
06/01/2009,9.99,10.25,9.99,10.16,171690212,1743564800.000
06/02/2009,10.30,10.47,10.17,10.22,159743820,1652953856.000
06/03/2009,10.22,10.84,10.18,10.84,247874105,2632957184.000
06/04/2009,10.75,11.07,10.65,10.86,192986002,2094124288.000
06/05/2009,10.88,11.05,10.66,10.69,108403791,1174444800.000
06/08/2009,10.61,11.30,10.61,11.14,192639544,2127939072.000
06/09/2009,11.21,11.52,11.01,11.36,161540951,1821360384.000
06/10/2009,11.40,11.47,11.16,11.22,114590918,1291516288.000
06/11/2009,11.22,11.23,10.80,10.89,142461389,1561809664.000
06/12/2009,10.80,11.20,10.68,10.96,121902358,1332528640.000
06/15/2009,10.94,11.15,10.70,11.11,82888053,911076544.000
06/16/2009,11.06,11.07,10.75,10.83,105883410,1151664256.000
06/17/2009,10.81,11.91,10.59,11.88,353519760,4039004160.000
06/18/2009,11.82,12.05,11.73,11.92,240439781,2866804224.000
06/19/2009,11.94,12.51,11.85,12.39,223194012,2717831936.000
06/22/2009,12.49,12.89,12.28,12.45,233801443,2931156992.000
06/23/2009,12.21,12.73,11.95,12.35,203410764,2502163456.000
06/24/2009,12.29,12.60,12.03,12.41,150757742,1856706688.000
06/25/2009,12.41,12.75,12.24,12.46,142113393,1779630592.000
06/26/2009,12.52,12.75,12.35,12.60,125063335,1569340672.000
06/29/2009,12.61,13.24,12.48,12.89,181428814,2347231232.000
06/30/2009,12.90,13.01,12.70,12.75,110911229,1426184832.000
07/01/2009,12.73,13.43,12.69,13.19,167827729,2207225600.000
07/02/2009,13.26,13.37,13.11,13.35,131155503,1737249536.000
07/03/2009,13.18,14.39,13.15,14.28,211537346,2915399424.000
07/06/2009,14.42,14.94,14.34,14.45,265034356,3858853120.000
07/07/2009,14.40,14.42,13.89,14.09,218205687,3077223936.000
07/08/2009,13.85,14.57,13.62,14.42,262680852,3685028608.000
07/09/2009,14.38,14.44,14.10,14.25,146448041,2087378560.000
07/10/2009,14.20,14.55,13.96,14.27,190495756,2710123264.000
07/13/2009,14.27,14.33,14.00,14.04,146390613,2065023104.000
07/14/2009,14.08,14.45,14.05,14.44,208175285,2955671040.000
07/15/2009,14.44,14.64,14.15,14.26,224636759,3211006720.000
07/16/2009,14.29,14.48,14.00,14.16,215836068,3072807680.000
07/17/2009,14.19,14.25,13.90,14.07,161152644,2266597376.000
07/20/2009,13.99,14.00,13.59,13.96,302960985,4176862976.000
07/21/2009,13.90,14.20,13.66,13.92,312986330,4372388352.000
07/22/2009,13.70,14.05,13.70,13.99,228036304,3164696320.000
07/23/2009,13.99,14.50,13.95,14.42,355546711,5102018048.000
07/24/2009,14.55,14.68,13.80,14.22,254565362,3624971264.000
07/27/2009,14.23,14.30,13.95,14.17,206799405,2916653056.000
07/28/2009,14.16,14.51,13.76,14.24,304095429,4294189824.000
07/29/2009,14.16,14.16,12.82,13.20,308201561,4211210752.000
07/30/2009,13.20,13.49,12.31,12.90,373001421,4785067520.000
07/31/2009,12.93,13.40,12.68,13.36,285529570,3738669312.000
08/03/2009,13.39,13.41,13.00,13.24,211974076,2792119040.000
08/04/2009,13.42,13.60,13.06,13.31,220490894,2950471424.000
08/05/2009,13.33,13.40,13.00,13.15,189809749,2495742976.000
08/06/2009,13.09,13.60,12.58,13.29,296492717,3892497920.000
08/07/2009,13.28,13.28,12.70,12.75,177827098,2310572288.000
08/10/2009,12.81,12.99,12.35,12.54,170151062,2146095232.000
08/11/2009,12.56,12.82,12.56,12.67,118795723,1508704384.000
08/12/2009,12.68,12.91,12.51,12.54,197837110,2519565312.000
08/13/2009,12.55,12.87,11.98,12.79,216853305,2726245632.000
08/14/2009,12.79,13.12,12.64,12.77,196785373,2536022272.000
08/17/2009,12.64,12.67,11.49,11.50,258901353,3109655296.000
08/18/2009,11.49,11.81,11.38,11.65,143066595,1657868544.000
08/19/2009,11.78,11.78,10.64,11.00,172545710,1917865088.000
08/20/2009,10.98,11.32,10.83,11.28,197919058,2203111424.000
08/21/2009,11.16,11.57,11.10,11.34,151515586,1717996672.000
08/24/2009,11.41,11.50,11.20,11.33,134497555,1526225152.000
08/25/2009,11.28,11.32,10.45,10.69,169328042,1830772608.000
08/26/2009,10.65,11.08,10.50,10.95,146518821,1600356864.000
08/27/2009,10.65,10.96,10.45,10.70,183095779,1957187968.000
08/28/2009,10.66,10.75,10.15,10.23,166641115,1722703360.000
08/31/2009,10.10,10.10,9.29,9.40,228332934,2181477888.000
09/01/2009,9.35,10.13,9.21,9.89,255177812,2489776896.000
09/02/2009,9.79,10.20,9.61,10.07,215214988,2159902720.000
09/03/2009,10.19,11.08,10.11,10.98,315255041,3364312064.000
09/04/2009,11.05,11.38,10.90,11.17,245806410,2745295360.000
09/07/2009,11.22,11.50,10.92,11.12,184123219,2068948736.000
09/08/2009,11.00,11.45,10.87,11.43,213936808,2402503168.000
09/09/2009,11.45,11.55,11.19,11.37,177427908,2011967616.000
09/10/2009,11.33,11.51,11.22,11.31,125280767,1427655040.000
09/11/2009,11.38,11.70,11.34,11.56,145003025,1675201152.000
09/14/2009,11.70,11.95,11.60,11.95,142071419,1676614784.000
09/16/2009,12.00,12.30,11.68,11.90,258412187,3094489344.000
09/17/2009,11.90,11.99,11.74,11.93,173681024,2062602112.000
09/18/2009,11.93,11.93,11.05,11.36,204748534,2363933952.000
09/21/2009,11.20,11.29,10.85,11.23,136399522,1503277056.000
09/22/2009,11.10,11.45,10.90,10.91,115478256,1287852288.000
09/23/2009,10.83,11.05,10.50,10.55,107429631,1148845696.000
09/24/2009,10.50,11.10,10.18,10.86,155318453,1643793920.000
09/25/2009,10.70,10.90,10.50,10.64,100734997,1073528832.000
09/28/2009,10.67,10.79,10.22,10.31,75800486,797618304.000
09/29/2009,10.35,10.49,10.20,10.34,74555821,770026496.000
09/30/2009,10.39,10.57,10.35,10.42,70384821,734913472.000
10/09/2009,10.65,11.00,10.49,10.96,106254207,1140591872.000
10/12/2009,10.98,11.10,10.83,10.85,90437216,992087680.000
10/13/2009,10.78,11.04,10.75,11.00,63802287,698048832.000
10/14/2009,11.09,11.63,11.02,11.42,199872939,2278880512.000
10/15/2009,11.53,11.80,11.45,11.47,114259531,1325569152.000
10/16/2009,11.47,11.67,11.31,11.55,105056729,1209430784.000
10/19/2009,11.56,12.38,11.56,12.34,275708201,3345551616.000
10/20/2009,12.43,12.56,12.21,12.41,178965912,2216819968.000
10/21/2009,12.42,12.77,12.31,12.53,178008776,2245290240.000
10/22/2009,12.38,12.62,12.29,12.35,120960719,1504341888.000
10/23/2009,12.40,12.69,12.37,12.47,137379538,1724120448.000
10/26/2009,12.52,12.69,12.40,12.47,102453679,1282880384.000
10/27/2009,12.43,12.43,11.98,11.98,148179243,1798111232.000
10/28/2009,11.90,12.05,11.60,11.93,116211437,1375992320.000
10/29/2009,11.65,11.73,11.40,11.48,126969917,1469112832.000
10/30/2009,11.71,11.76,11.50,11.51,108037096,1255812224.000
11/02/2009,11.19,11.95,11.11,11.93,150453662,1733188608.000
11/03/2009,11.93,11.99,11.79,11.94,174962720,2079684224.000
11/04/2009,11.95,11.97,11.58,11.75,204092584,2392401920.000
11/05/2009,11.71,11.95,11.65,11.77,120471600,1421111168.000
11/06/2009,11.94,12.19,11.80,12.10,218269863,2621960704.000
11/09/2009,12.10,12.19,11.88,12.04,132507619,1593428736.000
11/10/2009,12.11,12.29,11.99,12.14,175810503,2132159104.000
11/11/2009,12.13,12.13,11.90,11.98,125208705,1502610816.000
11/12/2009,11.99,12.09,11.85,11.88,144317843,1721647232.000
11/13/2009,11.83,11.89,11.58,11.81,167510669,1962330368.000
11/16/2009,11.89,12.20,11.87,12.16,208043022,2510527488.000
11/17/2009,12.24,12.38,12.17,12.18,174834930,2144862464.000
11/18/2009,12.19,12.25,12.10,12.14,131383120,1595880064.000
11/19/2009,12.18,12.31,12.10,12.27,163936120,1996695168.000
11/20/2009,12.26,12.37,12.06,12.26,200328635,2446676992.000
11/23/2009,12.25,12.25,12.08,12.19,180249097,2188996096.000
11/24/2009,12.25,12.44,11.92,11.95,345864659,4232443648.000
11/25/2009,11.90,12.10,11.73,12.10,220536354,2631683584.000
11/26/2009,12.10,12.48,11.86,11.91,310775905,3798177536.000
11/27/2009,11.70,11.79,11.15,11.27,219854014,2531725824.000
11/30/2009,11.34,11.58,11.33,11.53,131284536,1504162432.000
12/01/2009,11.56,11.57,11.16,11.50,185464031,2113490304.000
12/02/2009,11.53,11.89,11.48,11.75,226683637,2644985600.000
12/03/2009,11.73,11.73,11.48,11.58,155321441,1798831872.000
12/04/2009,11.57,11.97,11.44,11.97,245731821,2877930240.000
12/07/2009,12.03,12.39,11.88,12.29,282647458,3423463424.000
12/08/2009,12.36,12.58,12.10,12.16,268220839,3313229824.000
12/09/2009,12.05,12.24,11.92,12.03,132758352,1604409728.000
12/10/2009,12.15,12.19,11.80,11.91,155432672,1858056704.000
12/11/2009,11.93,11.99,11.76,11.79,126858261,1502607232.000
12/14/2009,11.79,11.88,11.40,11.79,151794556,1763441664.000
12/15/2009,11.60,11.61,11.30,11.39,266681415,3054191104.000
12/16/2009,11.30,11.46,11.22,11.35,108306467,1230887424.000
12/17/2009,11.35,11.44,11.21,11.27,109591096,1241454336.000
12/18/2009,11.19,11.19,10.50,10.59,217069461,2328972800.000
12/21/2009,10.53,10.82,10.35,10.72,142243871,1504738432.000
12/22/2009,10.68,10.69,10.28,10.30,137646540,1436412800.000
12/23/2009,10.32,10.44,10.18,10.33,111694841,1151301888.000
12/24/2009,10.31,10.59,10.21,10.53,129375333,1351589504.000
12/25/2009,10.49,10.60,10.37,10.47,88109543,923180096.000
12/28/2009,10.45,10.65,10.42,10.53,95713546,1010135488.000
12/29/2009,10.55,10.57,10.34,10.45,104544559,1088695552.000
12/30/2009,10.40,10.77,10.36,10.75,173564658,1842255616.000
12/31/2009,10.70,10.85,10.56,10.81,136548101,1464018688.000
01/04/2010,10.85,10.87,10.60,10.60,96983253,1034344768.000
01/05/2010,10.51,10.52,10.20,10.36,184862078,1910014336.000
01/06/2010,10.35,10.51,10.20,10.36,135860406,1405756544.000
01/07/2010,10.36,10.43,10.24,10.28,115244198,1188788352.000
01/08/2010,10.28,10.38,10.19,10.35,108530422,1117118336.000
01/11/2010,10.52,10.60,10.08,10.18,171300598,1758363776.000
01/12/2010,10.13,10.37,9.98,10.29,152072507,1548907904.000
01/13/2010,9.94,10.08,9.89,10.04,189279180,1892537856.000
01/14/2010,10.04,10.08,9.91,10.03,119251386,1192832640.000
01/15/2010,10.06,10.23,10.04,10.14,117924785,1196520960.000
01/18/2010,10.14,10.19,9.99,10.09,125174542,1259938048.000
01/19/2010,10.10,10.16,10.03,10.06,106404388,1073060096.000
01/20/2010,10.08,10.10,9.73,9.76,173747654,1719444736.000
01/21/2010,9.76,9.87,9.63,9.80,104828454,1018079488.000
01/22/2010,9.68,9.73,9.50,9.55,112539343,1079530112.000
01/25/2010,9.52,9.65,9.45,9.52,60170836,574865408.000
01/26/2010,9.52,9.59,9.18,9.22,105503878,982443584.000
01/27/2010,9.25,9.46,9.19,9.29,95500379,888059776.000
01/28/2010,9.27,9.48,9.19,9.41,84094753,785287616.000
01/29/2010,9.35,9.53,9.30,9.34,79150682,745025152.000
02/01/2010,9.30,9.53,9.09,9.41,97805799,906407616.000
02/02/2010,9.43,9.55,9.28,9.28,75391813,709718272.000
02/03/2010,9.26,9.48,9.13,9.45,81877756,764874240.000
02/04/2010,9.40,9.53,9.30,9.41,82951326,781993664.000
02/05/2010,9.26,9.32,9.15,9.20,68799966,634905088.000
02/08/2010,9.19,9.22,9.08,9.12,53959165,492708832.000
02/09/2010,9.12,9.16,9.03,9.09,44903405,408068192.000
02/10/2010,9.14,9.24,9.10,9.21,45054154,412512576.000
02/11/2010,9.23,9.35,9.18,9.28,52912190,491716608.000
02/12/2010,9.37,9.37,9.31,9.37,42057817,393158624.000
02/22/2010,9.29,9.35,9.25,9.26,34771729,323271104.000
02/23/2010,9.27,9.27,9.09,9.13,43217474,394880000.000
02/24/2010,9.09,9.24,9.05,9.23,47976791,439426624.000
02/25/2010,9.28,9.50,9.28,9.48,103274391,973324480.000
02/26/2010,9.49,9.52,9.40,9.43,67820433,642430592.000
03/01/2010,9.43,9.48,9.34,9.44,70822803,667199296.000
03/02/2010,9.45,9.66,9.45,9.61,131501066,1262045952.000
03/03/2010,9.62,9.63,9.50,9.58,79535888,760263488.000
03/04/2010,9.57,9.69,9.36,9.39,86929323,830988608.000
03/05/2010,9.38,9.45,9.30,9.36,56346652,527428416.000
03/08/2010,9.36,9.45,9.30,9.39,49895543,468666976.000
03/09/2010,9.39,9.70,9.28,9.62,136668880,1308030976.000
03/10/2010,9.63,9.64,9.46,9.48,69423768,662381376.000
03/11/2010,9.48,9.56,9.40,9.50,48380167,458886880.000
03/12/2010,9.49,9.49,9.35,9.36,43713089,411008992.000
03/15/2010,9.35,9.36,9.20,9.24,43815132,405661952.000
03/16/2010,9.28,9.33,9.19,9.27,30019135,277863872.000
03/17/2010,9.34,9.46,9.26,9.44,55940951,524754816.000
03/18/2010,9.46,9.67,9.43,9.54,106095731,1016613824.000
03/19/2010,9.58,9.70,9.56,9.62,73279745,706040320.000
03/22/2010,9.63,9.67,9.47,9.52,51517008,491282432.000
03/24/2010,9.45,9.51,9.37,9.40,63558976,598986368.000
03/25/2010,9.40,9.40,9.23,9.24,55587624,515610432.000
03/26/2010,9.24,9.34,9.12,9.30,53531486,495008320.000
03/29/2010,9.33,9.58,9.32,9.54,84559742,802337024.000
03/30/2010,9.55,9.58,9.44,9.49,62712739,594708032.000
03/31/2010,9.49,9.63,9.44,9.50,62379065,594673536.000
04/01/2010,9.50,9.75,9.48,9.73,148227976,1427507200.000
04/02/2010,9.75,9.85,9.69,9.77,127292818,1242354176.000
04/06/2010,9.80,9.83,9.53,9.60,121323175,1169635968.000
04/07/2010,9.59,9.62,9.44,9.46,92935319,882118208.000
04/08/2010,9.44,9.45,9.30,9.34,109983867,1028070592.000
04/09/2010,9.33,9.41,9.31,9.39,54364237,509461728.000
04/12/2010,9.41,9.44,9.18,9.20,129430810,1193387264.000
04/13/2010,9.20,9.29,9.10,9.25,91606425,842593472.000
04/14/2010,9.22,9.23,9.13,9.21,79566024,729936320.000
04/15/2010,9.15,9.17,9.07,9.11,107341646,977237696.000
04/16/2010,9.07,9.11,8.95,9.04,86982472,784163008.000
04/19/2010,8.90,8.90,8.26,8.30,180916922,1549936128.000
04/20/2010,8.28,8.28,7.82,8.03,142805502,1143675904.000
04/21/2010,8.00,8.15,7.96,8.11,109127996,880055936.000
04/22/2010,8.10,8.10,7.85,7.90,97960800,779681216.000
04/23/2010,7.89,7.97,7.83,7.93,72653944,575019072.000
04/26/2010,7.95,7.98,7.79,7.80,72453252,570036096.000
04/27/2010,7.80,7.80,7.60,7.70,89443269,686154304.000
04/28/2010,7.65,7.80,7.62,7.78,60745461,469321024.000
04/29/2010,7.83,7.87,7.75,7.76,59634732,466256384.000
04/30/2010,7.76,7.84,7.68,7.80,50809217,394589536.000
05/04/2010,7.64,7.70,7.41,7.45,72229897,546408512.000
05/05/2010,7.39,7.54,7.15,7.49,88121708,646686016.000
05/06/2010,7.45,7.45,7.18,7.18,63397089,462853920.000
05/07/2010,7.05,7.30,7.00,7.22,66262327,477327456.000
05/10/2010,7.22,7.37,7.22,7.30,56704422,413750720.000
05/11/2010,7.41,7.45,7.20,7.25,65814772,481660160.000
05/12/2010,7.24,7.40,7.17,7.34,64152419,470264928.000
05/13/2010,7.37,7.42,7.28,7.37,60907544,447690944.000
05/14/2010,7.34,7.38,7.27,7.31,39247656,287204800.000
05/17/2010,7.25,7.26,6.90,6.92,64275932,452660544.000
05/18/2010,6.91,7.44,6.83,7.34,111415555,798131008.000
05/19/2010,7.22,7.38,7.09,7.26,70935701,512118272.000
05/20/2010,7.15,7.29,7.09,7.10,48964354,351362656.000
05/21/2010,6.91,7.43,6.90,7.39,128210493,931030144.000
05/24/2010,7.43,7.82,7.43,7.70,146643590,1127569536.000
05/25/2010,7.54,7.57,7.38,7.40,89210096,665451456.000
05/26/2010,7.44,7.53,7.33,7.44,47678118,354489056.000
05/27/2010,7.36,7.57,7.25,7.53,71422066,532206432.000
05/28/2010,7.56,7.61,7.35,7.43,47242116,353464992.000
05/31/2010,7.40,7.49,7.21,7.21,51457880,377258688.000
06/01/2010,7.18,7.25,7.10,7.16,38793206,277633696.000
06/02/2010,7.13,7.29,7.08,7.27,36434205,262845232.000
06/03/2010,7.29,7.38,7.19,7.19,39877945,290410784.000
06/04/2010,7.18,7.36,7.16,7.28,36471699,264875120.000
06/07/2010,7.15,7.19,7.10,7.12,37525516,267886768.000
06/08/2010,7.12,7.19,7.06,7.10,27945405,198752192.000
06/09/2010,7.15,7.32,7.06,7.30,71412813,514765120.000
06/10/2010,7.21,7.26,7.13,7.15,57343575,411219648.000
06/11/2010,7.18,7.20,7.10,7.13,38437296,274866048.000
06/17/2010,7.17,7.19,7.08,7.10,40968148,291597824.000
06/18/2010,7.10,7.23,7.05,7.07,55118734,393420704.000
06/21/2010,7.13,7.39,7.06,7.34,99555145,724296960.000
06/22/2010,7.28,7.34,7.26,7.29,51679935,377215872.000
06/23/2010,7.26,7.34,7.15,7.20,44503504,321705600.000
06/24/2010,7.18,7.26,7.14,7.25,41855524,301443744.000
06/25/2010,7.20,7.21,7.11,7.15,33435766,239153152.000
06/28/2010,7.15,7.18,7.10,7.12,26457412,188629152.000
06/29/2010,7.12,7.15,6.83,6.85,72412683,505411200.000
06/30/2010,6.84,6.90,6.76,6.78,45938948,313719456.000
07/01/2010,6.78,6.83,6.65,6.68,32428193,218555984.000
07/02/2010,6.70,6.98,6.69,6.93,74172671,506008160.000
07/05/2010,6.85,7.06,6.80,6.98,57469389,398417792.000
07/06/2010,7.00,7.16,6.96,7.06,51720269,366592128.000
07/07/2010,7.08,7.12,6.98,7.05,27484647,193276064.000
07/08/2010,7.12,7.19,7.05,7.07,36702166,261386448.000
07/09/2010,7.08,7.33,7.01,7.24,71243636,514535104.000
07/12/2010,7.26,7.74,7.19,7.64,168183341,1275973248.000
07/13/2010,7.49,7.53,7.42,7.46,79139648,591380288.000
07/14/2010,7.45,7.63,7.35,7.40,76639901,572993664.000
07/15/2010,7.40,7.76,7.40,7.52,109355511,835000832.000
07/16/2010,7.45,7.72,7.38,7.62,81453169,614070336.000
07/19/2010,7.54,7.85,7.54,7.74,109909535,847230208.000
07/20/2010,7.76,7.94,7.73,7.81,92666776,726646528.000
07/21/2010,7.80,7.81,7.69,7.75,69405021,537755840.000
07/22/2010,7.73,8.02,7.69,7.95,91691279,728502720.000
07/23/2010,8.00,8.09,7.91,8.00,80470765,643887808.000
07/26/2010,8.00,8.04,7.89,8.01,48960921,390373280.000
07/27/2010,8.00,8.23,7.95,8.08,78192280,635683840.000
07/28/2010,8.07,8.35,8.01,8.31,108804960,895491776.000
07/29/2010,8.32,8.38,8.23,8.30,67214647,559033024.000
07/30/2010,8.28,8.32,8.21,8.29,45734482,377434048.000
08/02/2010,8.28,8.36,8.23,8.32,58188537,483415392.000
08/03/2010,8.32,8.55,8.25,8.25,100424891,846276160.000
08/04/2010,8.22,8.35,8.00,8.24,84972890,694994816.000
08/05/2010,8.21,8.30,7.90,7.99,134211363,1078821888.000
08/06/2010,7.95,8.02,7.78,8.00,96205298,760908032.000
08/09/2010,7.94,8.05,7.87,7.96,74409709,591086464.000
08/11/2010,7.74,8.36,7.70,8.32,212169535,1729655552.000
08/12/2010,8.20,8.64,8.18,8.46,189783546,1613638912.000
08/13/2010,8.45,8.86,8.36,8.84,172967210,1497025024.000
08/16/2010,8.79,8.95,8.65,8.89,139370408,1230990080.000
08/17/2010,8.85,9.02,8.81,8.94,97294781,869127040.000
08/18/2010,8.90,8.98,8.72,8.79,91457157,806184320.000
08/19/2010,8.77,8.93,8.64,8.74,114293848,1000257024.000
08/20/2010,8.69,8.81,8.63,8.65,67059889,585094336.000
08/23/2010,8.62,8.73,8.44,8.49,65465814,561446848.000
08/24/2010,8.46,8.92,8.46,8.85,109176249,960066688.000
08/25/2010,8.82,8.90,8.45,8.50,106875799,923148928.000
08/26/2010,8.50,8.70,8.45,8.53,62155680,532853696.000
08/27/2010,8.45,8.55,8.39,8.44,53358664,450881152.000
08/30/2010,8.49,8.54,8.22,8.48,80027211,672353408.000
08/31/2010,8.43,8.46,8.32,8.42,57889751,486203488.000
09/01/2010,8.41,8.67,8.30,8.47,82492222,701040768.000
09/02/2010,8.58,8.67,8.51,8.57,65297574,561050112.000
09/03/2010,8.65,8.74,8.41,8.50,71934554,617678400.000
09/06/2010,8.56,8.72,8.50,8.69,68159522,590225088.000
09/07/2010,8.71,8.90,8.71,8.78,66346783,583422464.000
09/08/2010,8.78,8.78,8.47,8.57,81583564,698855936.000
09/09/2010,8.62,8.64,8.26,8.28,88881689,743752960.000
09/10/2010,8.29,8.36,8.04,8.16,64178894,521923808.000
09/13/2010,8.17,8.52,8.06,8.35,76560541,635400000.000
09/14/2010,8.36,8.37,8.18,8.30,53724477,443236896.000
09/15/2010,8.28,8.36,8.12,8.16,41942548,346389376.000
09/16/2010,8.15,8.25,7.98,8.03,68067687,550111232.000
09/17/2010,8.05,8.20,8.04,8.08,63071631,511174688.000
09/20/2010,8.09,8.15,8.01,8.07,45201540,365687648.000
09/21/2010,8.09,8.24,8.08,8.15,39196389,319911808.000
09/27/2010,8.12,8.21,7.80,8.12,121297416,977908736.000
09/28/2010,8.07,8.15,7.84,7.89,79084089,629330048.000
09/29/2010,7.85,7.99,7.79,7.81,52354960,412249280.000
09/30/2010,7.73,8.40,7.64,8.40,187953563,1530230272.000
10/08/2010,8.30,8.59,8.15,8.44,165047956,1392100608.000
10/11/2010,8.39,8.99,8.37,8.84,181420570,1585424640.000
10/12/2010,8.80,8.98,8.67,8.80,123767056,1093711488.000
10/13/2010,8.82,9.65,8.82,9.40,254309209,2382541056.000
10/14/2010,9.44,9.68,9.30,9.40,186918874,1772150400.000
10/15/2010,9.36,9.60,9.30,9.55,165698020,1566788352.000
10/18/2010,9.50,9.98,9.50,9.63,250897059,2448867072.000
10/19/2010,9.60,9.64,9.15,9.50,116303732,1093255808.000
10/20/2010,8.97,9.20,8.60,8.92,283230386,2532793600.000
10/21/2010,8.80,9.04,8.69,8.89,161713758,1438347520.000
10/22/2010,8.93,9.02,8.80,8.89,99367685,886791744.000
10/25/2010,8.98,9.22,8.84,9.20,137682667,1250140160.000
10/26/2010,9.20,9.72,9.20,9.39,165508541,1568081280.000
10/27/2010,9.41,10.04,9.41,9.63,227106700,2228254720.000
10/28/2010,9.64,10.03,9.62,9.86,195819899,1938805760.000
10/29/2010,9.80,9.95,9.46,9.70,116504209,1128415232.000
11/01/2010,9.66,9.90,9.52,9.64,116404979,1128487936.000
11/02/2010,9.65,9.86,9.41,9.65,152047730,1471566336.000
11/03/2010,9.60,9.90,9.48,9.84,146025618,1428016512.000
11/04/2010,9.80,9.93,9.68,9.75,104870110,1027565184.000
11/05/2010,9.92,10.00,9.67,9.74,130233637,1273099008.000
11/08/2010,9.78,10.09,9.78,9.90,162830709,1620281728.000
11/09/2010,9.85,9.94,9.45,9.50,188507357,1808162560.000
11/10/2010,9.30,9.39,9.05,9.15,201889812,1846528000.000
11/11/2010,9.19,9.28,9.00,9.18,198330974,1813464960.000
11/12/2010,9.15,9.15,8.49,8.53,211425221,1870382976.000
11/15/2010,8.60,8.64,8.40,8.53,115898023,986392768.000
11/16/2010,8.53,8.54,8.09,8.16,129435521,1070405632.000
11/17/2010,8.10,8.27,8.05,8.18,89420358,732463360.000
11/18/2010,8.25,8.31,8.16,8.27,68914346,568246848.000
11/19/2010,8.30,8.33,8.00,8.24,94864689,774931968.000
11/22/2010,8.17,8.22,7.95,8.09,121450550,982136832.000
11/23/2010,8.01,8.08,7.89,7.92,101618805,810521664.000
11/24/2010,7.98,8.12,7.92,8.08,77014545,619916480.000
11/25/2010,8.10,8.48,8.01,8.40,128442662,1066057600.000
11/26/2010,8.36,8.37,8.15,8.23,67080549,553999552.000
11/29/2010,8.21,8.22,8.06,8.17,41433906,337236672.000
11/30/2010,8.18,8.30,7.95,8.13,83175871,675567936.000
12/01/2010,8.13,8.23,8.05,8.22,41453467,338381248.000
12/02/2010,8.32,8.41,8.26,8.27,62383603,520202464.000
12/03/2010,8.34,8.59,8.29,8.49,118865099,1008596480.000
12/06/2010,8.51,8.69,8.45,8.49,98234524,844309440.000
12/07/2010,8.45,8.68,8.36,8.66,87090848,747602752.000
12/08/2010,8.65,8.69,8.40,8.49,69806395,595890240.000
12/09/2010,8.42,8.43,8.16,8.17,71464074,589993472.000
12/10/2010,8.17,8.26,8.08,8.10,82011554,669900288.000
12/13/2010,8.20,8.50,8.13,8.40,83437339,690600576.000
12/14/2010,8.40,8.46,8.34,8.41,49447303,415067328.000
12/15/2010,8.41,8.43,8.21,8.35,55627218,463065344.000
12/16/2010,8.32,8.60,8.28,8.43,102888995,872608704.000
12/17/2010,8.45,8.47,8.31,8.40,43791861,367894144.000
12/20/2010,8.45,8.54,8.21,8.30,68182788,571023488.000
12/21/2010,8.30,9.13,8.30,9.13,297087938,2625535232.000
12/22/2010,9.13,9.44,8.80,9.00,210910643,1933971200.000
12/23/2010,8.95,9.06,8.80,8.84,89606212,798955392.000
12/24/2010,8.84,9.20,8.80,9.01,117959578,1071510912.000
12/27/2010,9.02,9.16,8.68,8.75,143175287,1286870400.000
12/28/2010,8.72,8.86,8.30,8.33,87505047,752995520.000
12/29/2010,8.37,8.41,8.17,8.30,81251732,672563584.000
12/30/2010,8.27,8.30,8.04,8.15,94995195,773400448.000
12/31/2010,8.14,8.24,8.08,8.22,64189546,524313280.000
01/04/2011,8.27,8.98,8.23,8.80,188816123,1645667072.000
01/05/2011,8.77,8.98,8.63,8.83,125616280,1112759040.000
01/06/2011,8.88,8.98,8.69,8.84,79128446,700203392.000
01/07/2011,8.84,9.20,8.78,8.89,144721563,1307916160.000
01/10/2011,9.00,9.20,8.68,8.74,129046684,1157447424.000
01/11/2011,8.68,9.16,8.64,9.03,134731238,1207748224.000
01/12/2011,9.05,9.34,8.90,9.07,135521972,1235577344.000
01/13/2011,9.11,9.14,8.90,8.94,58795894,529515520.000
01/14/2011,8.92,9.12,8.85,9.05,88532157,794536960.000
01/17/2011,8.93,9.02,8.33,8.42,119826663,1032312448.000
01/18/2011,8.42,8.55,8.28,8.35,64487440,542945280.000
01/19/2011,8.36,8.57,8.23,8.54,94678360,793973376.000
01/20/2011,8.50,8.50,8.13,8.14,82965364,686728128.000
01/21/2011,8.16,8.68,8.13,8.38,89539107,750749120.000
01/24/2011,8.39,8.64,8.15,8.45,74292486,622616320.000
01/25/2011,8.40,8.65,8.35,8.49,49167141,418022528.000
01/26/2011,8.48,8.62,8.42,8.51,38212417,324659936.000
01/27/2011,8.15,8.33,7.95,8.30,176152186,1436475776.000
01/28/2011,8.31,8.52,8.12,8.26,136236029,1131363456.000
01/31/2011,8.25,8.26,8.12,8.20,81430851,665505920.000
02/01/2011,8.23,8.26,8.13,8.18,99025327,809002688.000
02/09/2011,8.08,8.13,7.98,8.02,94823227,762280384.000
02/10/2011,8.04,8.20,8.02,8.18,104714905,848977856.000
02/11/2011,8.15,8.35,8.06,8.26,136052383,1117279232.000
02/14/2011,8.25,8.64,8.22,8.60,183682785,1563852672.000
02/15/2011,8.60,8.70,8.56,8.58,110339094,950830016.000
02/16/2011,8.55,8.56,8.34,8.53,127143666,1071707776.000
02/17/2011,8.51,8.56,8.28,8.37,124664291,1042343232.000
02/18/2011,8.35,8.44,8.29,8.35,70236873,587813632.000
02/21/2011,8.28,8.41,8.20,8.40,91917235,762837376.000
02/22/2011,8.37,8.37,8.10,8.12,158553324,1295136768.000
02/23/2011,8.12,8.19,8.10,8.15,55724784,453803232.000
02/24/2011,8.15,8.20,8.10,8.17,62056120,505394240.000
02/25/2011,8.18,8.18,8.07,8.13,61297507,497898400.000
02/28/2011,8.13,8.16,8.05,8.16,77266945,626607744.000
03/01/2011,8.16,8.42,8.16,8.30,153265426,1271700608.000
03/02/2011,8.24,8.26,8.13,8.20,67262573,551036544.000
03/03/2011,8.20,8.31,8.17,8.19,89932700,740591168.000
03/04/2011,8.24,8.35,8.21,8.34,99495171,824340096.000
03/07/2011,8.39,8.46,8.33,8.38,112730872,946094976.000
03/08/2011,8.45,8.63,8.44,8.53,170373399,1455547904.000
03/09/2011,8.55,8.62,8.48,8.53,91259616,780576896.000
03/10/2011,8.52,8.60,8.41,8.50,104636390,888697600.000
03/11/2011,8.47,8.48,8.28,8.33,90268900,754671168.000
03/14/2011,8.28,8.35,8.23,8.30,43538664,360394592.000
03/15/2011,8.28,8.29,8.10,8.18,86853268,708789312.000
03/16/2011,8.17,8.30,8.17,8.25,46732952,384460096.000
03/17/2011,8.20,8.23,8.11,8.18,60868987,496795840.000
03/18/2011,8.24,8.35,8.15,8.20,74603585,616292672.000
03/21/2011,8.20,8.44,8.20,8.30,89232595,742667008.000
03/22/2011,8.31,8.36,8.18,8.30,47174172,389882208.000
03/23/2011,8.29,8.59,8.25,8.50,163257524,1383609728.000
03/24/2011,8.51,8.59,8.47,8.49,86316145,736402432.000
03/25/2011,8.53,8.80,8.50,8.72,172505597,1495728768.000
03/28/2011,8.74,8.93,8.69,8.73,133234319,1174558464.000
03/29/2011,8.70,8.87,8.64,8.68,99146306,866316032.000
03/30/2011,8.68,8.78,8.54,8.69,85566100,742153984.000
04/01/2011,8.57,8.83,8.50,8.82,73417645,639528256.000
04/06/2011,8.78,8.99,8.73,8.94,106840180,950336768.000
04/07/2011,8.94,9.28,8.91,9.15,128453209,1173973760.000
04/11/2011,9.13,9.19,8.81,8.82,83328040,745955456.000
04/12/2011,8.82,8.96,8.76,8.85,66309669,587406080.000
04/13/2011,8.82,8.96,8.69,8.93,56779346,501096384.000
04/14/2011,8.92,8.94,8.77,8.80,57430294,506909568.000
04/15/2011,8.79,8.95,8.71,8.90,53992426,476299840.000
04/18/2011,8.86,8.99,8.80,8.96,69844809,622003392.000
04/19/2011,8.89,8.89,8.76,8.78,41070895,361781248.000
04/20/2011,8.75,8.82,8.57,8.63,81138683,703619968.000
04/21/2011,8.65,8.68,8.57,8.68,59751937,515007808.000
04/22/2011,8.63,8.65,8.52,8.55,42621872,365405056.000
04/25/2011,8.51,8.58,8.49,8.52,40152121,342787360.000
04/26/2011,8.51,8.59,8.47,8.55,42437378,361805568.000
04/27/2011,8.58,8.60,8.32,8.40,51195343,432624288.000
04/28/2011,8.42,8.45,8.30,8.31,40126804,335347712.000
04/29/2011,8.32,8.51,8.31,8.48,38242656,322176224.000
05/03/2011,8.47,8.51,8.32,8.50,48664280,409503744.000
05/04/2011,8.42,8.49,8.31,8.33,42673649,358436416.000
05/05/2011,8.30,8.40,8.24,8.35,41104894,342244640.000
05/06/2011,8.32,8.39,8.25,8.30,39703211,329807552.000
05/09/2011,8.31,8.41,8.27,8.31,31359097,260467584.000
05/10/2011,8.33,8.34,8.25,8.32,29455966,244244976.000
05/11/2011,8.30,8.39,8.21,8.29,61464431,510911424.000
05/12/2011,8.27,8.33,8.21,8.24,32243227,266636336.000
05/13/2011,8.29,8.32,8.18,8.31,50544454,416131296.000
05/16/2011,8.26,8.44,8.25,8.37,57176877,479475680.000
05/17/2011,8.33,8.46,8.32,8.40,35009527,294461856.000
05/18/2011,8.40,8.45,8.36,8.41,24012345,201703984.000
05/19/2011,8.41,8.45,8.24,8.26,41213817,342140384.000
05/20/2011,8.28,8.31,8.21,8.24,23770856,196517984.000
05/23/2011,8.21,8.27,7.99,8.03,50020248,405661184.000
05/24/2011,8.03,8.10,7.98,8.03,40881526,328386080.000
05/25/2011,8.01,8.03,7.85,7.87,47083976,373660224.000
05/26/2011,7.95,7.99,7.88,7.90,30353059,240349296.000
05/27/2011,7.86,7.94,7.81,7.90,34412955,271647520.000
05/30/2011,7.88,7.90,7.75,7.80,28315785,221516624.000
05/31/2011,7.83,7.89,7.61,7.84,37074583,287364480.000
06/01/2011,7.82,7.84,7.73,7.82,33041433,256827072.000
06/02/2011,7.74,7.86,7.64,7.72,37879939,292341856.000
06/03/2011,7.72,7.85,7.70,7.79,28759071,224106224.000
06/07/2011,7.77,7.84,7.74,7.81,20456788,159487280.000
06/08/2011,7.83,8.14,7.81,8.10,75584171,604294528.000
06/09/2011,8.07,8.08,7.90,7.90,30367776,242896560.000
06/10/2011,7.95,8.10,7.95,8.00,41250693,330801248.000
06/13/2011,7.95,7.95,7.83,7.90,24327945,192195088.000
06/14/2011,7.90,8.39,7.90,8.17,91098716,747206656.000
06/15/2011,8.15,8.18,8.00,8.07,43073250,348143296.000
06/16/2011,7.95,8.11,7.95,7.99,32628920,262338928.000
06/17/2011,7.99,8.21,7.98,8.05,45693242,371130304.000
06/20/2011,8.07,8.23,8.06,8.18,52719516,430181280.000
06/21/2011,8.16,8.38,8.16,8.27,68590542,568988096.000
06/22/2011,8.29,8.36,8.12,8.22,36582620,300669568.000
06/23/2011,8.22,8.31,8.15,8.27,37954800,313271360.000
06/24/2011,8.25,8.50,8.23,8.38,75751243,635979328.000
06/27/2011,8.39,8.46,8.19,8.29,60463553,502595712.000
06/28/2011,8.30,8.35,8.15,8.31,48384892,399119040.000
06/29/2011,8.26,8.32,8.23,8.28,32083025,265671664.000
06/30/2011,8.29,8.52,8.20,8.45,87349422,734845376.000
07/01/2011,8.43,8.81,8.40,8.68,127799867,1105772032.000
07/04/2011,8.73,8.97,8.68,8.71,83262939,732819584.000
07/05/2011,8.71,9.02,8.71,8.84,147053064,1307364480.000
07/06/2011,8.85,8.88,8.71,8.82,60954069,535594560.000
07/07/2011,8.84,8.98,8.55,8.77,84665010,744421888.000
07/08/2011,8.73,8.90,8.73,8.82,50985292,450161216.000
07/11/2011,8.75,8.78,8.60,8.75,42693943,371834368.000
07/12/2011,8.66,8.67,8.42,8.50,62156465,529494464.000
07/13/2011,8.49,8.71,8.47,8.61,42668423,366503904.000
07/14/2011,8.62,8.71,8.51,8.58,44030290,378417440.000
07/15/2011,8.40,8.50,8.28,8.43,71540876,599605760.000
07/18/2011,8.39,8.39,8.24,8.36,61829038,513948064.000
07/19/2011,8.28,8.55,8.25,8.49,84873240,716771584.000
07/20/2011,8.50,8.54,8.42,8.47,29611505,250915488.000
07/21/2011,8.48,8.51,8.33,8.40,29277029,246065328.000
07/22/2011,8.42,8.49,8.35,8.42,19414080,163367232.000
07/25/2011,8.31,8.35,8.10,8.14,47841285,392377088.000
07/26/2011,8.14,8.22,8.14,8.20,25607099,209478672.000
07/27/2011,8.13,8.21,8.08,8.14,29662071,241775984.000
07/28/2011,8.10,8.15,8.01,8.11,29110295,235329568.000
07/29/2011,8.10,8.20,8.05,8.15,24144028,196639904.000
08/01/2011,8.15,8.30,8.11,8.29,23429761,193544000.000
08/02/2011,8.24,8.31,8.13,8.27,21326774,175731216.000
08/03/2011,8.24,8.37,8.22,8.35,35556738,295345664.000
08/04/2011,8.36,8.39,8.30,8.31,13655056,113867792.000
08/05/2011,8.16,8.27,8.12,8.18,30612804,250823184.000
08/08/2011,8.14,8.26,7.95,8.06,52337591,425711776.000
08/09/2011,7.99,8.45,7.94,8.30,94347853,778470400.000
08/10/2011,8.50,8.58,8.37,8.44,82368162,698674304.000
08/11/2011,8.37,8.68,8.35,8.55,76052208,650754624.000
08/12/2011,8.53,8.59,8.41,8.43,42457236,360006848.000
08/15/2011,8.43,8.55,8.33,8.50,44401576,374718400.000
08/16/2011,8.44,8.50,8.33,8.36,39097146,328778208.000
08/17/2011,8.33,8.40,8.15,8.22,43862576,361179680.000
08/18/2011,8.22,8.23,8.08,8.14,41963796,340681568.000
08/19/2011,8.03,8.19,8.03,8.14,49271580,399849952.000
08/22/2011,8.12,8.16,8.05,8.08,20272317,164003152.000
08/23/2011,8.12,8.26,8.10,8.22,31215098,256222512.000
08/24/2011,8.25,8.28,8.15,8.16,13823945,113491472.000
08/25/2011,8.20,8.46,8.14,8.44,53283474,444368288.000
08/26/2011,8.39,8.45,8.31,8.38,26580762,222779456.000
08/29/2011,8.30,8.36,8.10,8.17,31155852,255401536.000
08/30/2011,8.22,8.28,8.10,8.14,32146617,262573664.000
08/31/2011,8.11,8.17,8.09,8.15,21092621,171367216.000
09/01/2011,8.16,8.19,8.10,8.14,16684459,135879120.000
09/02/2011,8.13,8.16,8.04,8.10,30343693,245290064.000
09/05/2011,8.08,8.11,8.00,8.03,30799552,247211264.000
09/06/2011,8.00,8.05,7.95,8.00,27810784,222576928.000
09/07/2011,8.04,8.17,8.00,8.12,39555388,320160192.000
09/08/2011,8.11,8.15,8.05,8.10,17932167,145404752.000
09/09/2011,8.13,8.20,8.07,8.08,36404260,296092704.000
09/13/2011,8.01,8.11,7.97,8.07,25930873,208035280.000
09/14/2011,8.05,8.10,8.00,8.08,22498037,181054960.000
09/15/2011,8.08,8.15,8.05,8.09,24548531,199270416.000
09/16/2011,8.12,8.17,8.00,8.06,36452751,293467776.000
09/19/2011,8.00,8.02,7.70,7.78,60736791,475828608.000
09/20/2011,7.78,7.80,7.65,7.72,29065241,224291712.000
09/21/2011,7.72,7.93,7.67,7.87,41128292,321356640.000
09/22/2011,7.80,7.84,7.44,7.46,104841829,795528000.000
09/23/2011,7.38,7.52,7.28,7.40,55885213,412362272.000
09/26/2011,7.33,7.43,7.04,7.15,52372132,378133504.000
09/27/2011,7.20,7.23,7.10,7.17,37687484,270077888.000
09/28/2011,7.22,7.23,7.00,7.08,35139307,249650608.000
09/29/2011,7.05,7.29,6.88,7.18,51024711,362764896.000
09/30/2011,7.15,7.31,7.14,7.24,34769323,251544608.000
10/10/2011,7.23,7.24,6.98,7.00,37660442,265484624.000
10/11/2011,7.13,7.18,6.95,7.04,35826442,252838736.000
10/12/2011,7.00,7.42,6.95,7.34,69849257,505518656.000
10/13/2011,7.33,7.52,7.30,7.37,53500979,395974400.000
10/14/2011,7.35,7.39,7.27,7.35,19404304,142190960.000
10/17/2011,7.36,7.46,7.31,7.34,28741633,211613584.000
10/18/2011,7.30,7.33,7.10,7.19,31101497,223794496.000
10/19/2011,7.17,7.24,7.09,7.10,23673908,169381072.000
10/20/2011,7.04,7.15,6.90,7.02,30381191,211954288.000
10/21/2011,7.05,7.11,6.94,6.98,21248974,149356016.000
10/24/2011,6.98,7.20,6.94,7.19,27588138,196073488.000
10/25/2011,7.16,7.53,7.12,7.40,78513401,577616640.000
10/26/2011,7.40,7.73,7.39,7.66,122013333,933860096.000
10/27/2011,7.66,7.74,7.63,7.67,37262283,286398336.000
10/28/2011,7.75,8.28,7.75,7.91,102587623,819997824.000
10/31/2011,7.85,8.00,7.65,8.00,73422362,576405056.000
11/01/2011,7.91,8.05,7.70,7.76,54507949,428004544.000
11/02/2011,7.62,7.94,7.61,7.90,35907324,280509248.000
11/03/2011,7.90,7.99,7.75,7.76,47224959,369601760.000
11/04/2011,7.91,8.01,7.78,7.84,47288837,373003680.000
11/07/2011,7.78,7.86,7.65,7.68,32302161,250210848.000
11/08/2011,7.68,7.71,7.46,7.68,54172660,410257632.000
11/09/2011,7.63,7.70,7.54,7.67,36185438,275059936.000
11/10/2011,7.59,7.65,7.45,7.57,42734067,321122432.000
11/11/2011,7.50,7.56,7.45,7.52,27030067,202746848.000
11/14/2011,7.55,7.67,7.48,7.63,52871932,401141152.000
11/15/2011,7.60,7.60,7.51,7.55,17477121,131955904.000
11/16/2011,7.54,7.56,7.22,7.29,49991708,367937568.000
11/17/2011,7.30,7.35,7.24,7.30,24090990,175842528.000
11/18/2011,7.26,7.28,6.99,7.09,71161133,504172896.000
11/21/2011,7.09,7.12,7.01,7.09,32196486,227351440.000
11/22/2011,7.05,7.14,7.02,7.11,27404424,194391584.000
11/23/2011,7.12,7.15,7.05,7.09,23384925,166064256.000
11/24/2011,7.08,7.32,7.04,7.25,36287528,260801024.000
11/25/2011,7.21,7.24,7.08,7.10,20501646,146537536.000
11/28/2011,7.12,7.16,7.02,7.07,25132153,177657200.000
11/29/2011,7.14,7.25,7.07,7.17,33303084,238391568.000
11/30/2011,7.16,7.18,7.01,7.06,39012233,275992256.000
12/01/2011,7.40,7.61,7.35,7.39,123365030,923057856.000
12/02/2011,7.33,7.41,7.26,7.38,30774707,226578336.000
12/05/2011,7.35,7.41,7.20,7.29,37327741,272305696.000
12/06/2011,7.29,7.49,7.25,7.40,40032066,296681856.000
12/07/2011,7.40,7.46,7.35,7.42,23045092,170916912.000
12/08/2011,7.42,7.56,7.36,7.49,33232001,248550560.000
12/09/2011,7.44,7.63,7.43,7.54,39699697,299945152.000
12/12/2011,7.40,7.45,7.18,7.30,44183682,321869312.000
12/13/2011,7.25,7.32,7.12,7.17,31372989,226908512.000
12/14/2011,7.17,7.17,7.05,7.10,23038545,163522080.000
12/15/2011,7.06,7.30,7.06,7.21,41404487,297778784.000
12/16/2011,7.16,7.55,7.14,7.43,56926556,418477312.000
12/19/2011,7.37,7.50,7.24,7.43,47051477,348223296.000
12/20/2011,7.42,7.73,7.41,7.50,67570976,512916320.000
12/21/2011,7.50,7.57,7.28,7.30,29569654,220210048.000
12/22/2011,7.30,7.50,7.25,7.42,43603067,322216896.000
12/23/2011,7.40,7.65,7.37,7.56,48635426,367313600.000
12/26/2011,7.50,7.68,7.46,7.53,30869597,234161056.000
12/27/2011,7.55,7.62,7.33,7.37,29583892,221040944.000
12/28/2011,7.37,7.45,7.15,7.34,42640667,310260640.000
12/29/2011,7.29,7.41,7.24,7.33,29468412,215801104.000
12/30/2011,7.33,7.52,7.33,7.47,30657174,229057744.000
01/04/2012,7.47,7.65,7.32,7.33,47432958,355989088.000
01/05/2012,7.31,7.42,7.19,7.25,52811781,387244736.000
01/06/2012,7.27,7.33,7.06,7.16,54276961,389284128.000
01/09/2012,7.16,7.41,7.08,7.41,84603778,611933952.000
01/10/2012,7.35,7.61,7.32,7.53,107797678,804854272.000
01/11/2012,7.50,7.57,7.43,7.46,48293469,361340128.000
01/12/2012,7.42,7.71,7.41,7.52,55986664,423747968.000
01/13/2012,7.51,7.56,7.34,7.46,39223843,292442560.000
01/16/2012,7.40,7.56,7.35,7.37,33783392,251290176.000
01/17/2012,7.35,7.68,7.22,7.58,88222915,659817152.000
01/18/2012,7.56,7.68,7.47,7.51,48552724,367212800.000
01/19/2012,7.55,7.80,7.51,7.79,86699402,669107840.000
01/20/2012,7.80,7.96,7.77,7.90,89686473,707734272.000
01/30/2012,7.85,7.88,7.52,7.55,105304988,806433472.000
01/31/2012,7.55,7.70,7.55,7.65,35502938,270555616.000
02/01/2012,7.61,7.75,7.52,7.56,50097591,382524512.000
02/02/2012,7.59,7.70,7.49,7.68,41273168,312944448.000
02/03/2012,7.66,7.85,7.61,7.79,63644836,493316320.000
02/06/2012,7.77,7.82,7.61,7.62,52243987,402667936.000
02/07/2012,7.60,7.65,7.38,7.38,80336512,597938944.000
02/08/2012,7.42,7.72,7.38,7.59,82044478,619277376.000
02/09/2012,7.60,7.81,7.53,7.70,126142979,974568384.000
02/10/2012,7.72,8.03,7.72,7.85,178925069,1417375360.000
02/13/2012,7.56,7.80,7.43,7.70,91214503,696139712.000
02/14/2012,7.65,7.72,7.54,7.70,87626501,666482176.000
02/15/2012,7.65,7.82,7.61,7.82,54176079,420041600.000
02/16/2012,7.78,7.82,7.68,7.79,39985036,310004576.000
02/17/2012,7.85,7.87,7.71,7.79,44615659,346896096.000
02/20/2012,7.92,8.01,7.80,7.83,71861254,569546752.000
02/21/2012,7.84,7.93,7.78,7.92,37957554,297949120.000
02/22/2012,7.98,8.20,7.98,8.19,121273746,985466880.000
02/23/2012,8.20,8.30,8.15,8.19,75998806,623803904.000
02/24/2012,8.19,8.60,8.15,8.51,117655127,987203968.000
02/27/2012,8.50,8.72,8.50,8.58,107257199,925759680.000
02/28/2012,8.60,8.65,8.48,8.52,69548565,593752704.000
02/29/2012,8.40,8.41,8.20,8.28,89649673,746346816.000
03/01/2012,8.24,8.47,8.22,8.30,68619869,574590848.000
03/02/2012,8.30,8.69,8.30,8.63,94111341,802286976.000
03/05/2012,8.71,8.85,8.49,8.51,81323953,703574336.000
03/06/2012,8.51,8.62,8.40,8.43,59523163,503980960.000
03/07/2012,8.40,8.50,8.32,8.43,43078744,363145984.000
03/08/2012,8.43,8.70,8.43,8.61,57817444,499462752.000
03/09/2012,8.65,8.70,8.50,8.60,36259227,311082880.000
03/12/2012,8.53,8.60,8.31,8.35,74453665,623582784.000
03/13/2012,8.43,8.54,8.40,8.52,38863331,328990464.000
03/14/2012,8.58,8.62,8.26,8.29,96551633,817408768.000
03/15/2012,8.29,8.35,8.06,8.21,84164012,690413888.000
03/16/2012,8.23,8.30,8.10,8.27,45485279,373536128.000
03/19/2012,8.22,8.24,8.13,8.22,36235301,296420352.000
03/20/2012,8.19,8.27,8.15,8.17,33339402,273648128.000
03/21/2012,8.22,8.27,8.15,8.18,33210840,272839392.000
03/22/2012,8.20,8.34,8.17,8.23,30858038,254809952.000
03/23/2012,8.21,8.28,8.10,8.12,28908259,236183536.000
03/26/2012,8.10,8.11,7.93,8.02,35754673,286312704.000
03/27/2012,8.02,8.09,8.00,8.02,23030973,185329296.000
03/28/2012,8.01,8.22,7.97,8.00,41916818,339168576.000
03/29/2012,8.00,8.40,7.96,8.19,77859727,639203072.000
03/30/2012,8.18,8.32,8.17,8.28,43236556,356934016.000
04/05/2012,8.22,8.40,8.21,8.36,60894926,506664224.000
04/06/2012,8.38,8.51,8.35,8.38,42694204,360074144.000
04/09/2012,8.32,8.35,8.21,8.22,34238086,282867680.000
04/10/2012,8.24,8.43,8.19,8.42,35315312,292796064.000
04/11/2012,8.34,8.70,8.33,8.49,70319000,601480896.000
04/12/2012,8.55,8.70,8.51,8.68,64196239,554572736.000
04/13/2012,8.70,8.76,8.57,8.58,47527700,412227296.000
04/16/2012,8.51,8.68,8.49,8.57,30602310,262437424.000
04/17/2012,8.57,8.59,8.33,8.37,46033870,387879936.000
04/18/2012,8.43,8.66,8.40,8.64,56785802,486793568.000
04/19/2012,8.64,8.67,8.57,8.59,34145945,294104832.000
04/20/2012,8.56,8.66,8.49,8.64,48445469,415790560.000
04/23/2012,8.62,8.65,8.50,8.60,35176415,301328640.000
04/24/2012,8.60,8.80,8.53,8.63,57089640,494608896.000
04/25/2012,8.61,8.91,8.58,8.88,86608903,762186368.000
04/26/2012,8.90,9.02,8.85,8.95,67000017,598870912.000
04/27/2012,8.95,9.08,8.91,8.98,47593528,429414080.000
05/02/2012,9.03,9.29,8.93,9.22,91744306,837210880.000
05/03/2012,9.20,9.25,8.92,9.04,72626287,656503744.000
05/04/2012,9.06,9.24,8.88,9.22,92987909,841649984.000
05/07/2012,9.12,9.20,8.96,9.07,73349280,663457152.000
05/08/2012,9.07,9.13,8.93,9.04,63979364,576995136.000
05/09/2012,8.95,8.98,8.85,8.93,58309872,519737728.000
05/10/2012,8.93,8.96,8.86,8.93,30703900,273802336.000
05/14/2012,8.94,9.08,8.84,8.92,58382706,523050496.000
05/15/2012,8.87,9.00,8.82,8.91,32082786,285807552.000
05/16/2012,8.88,8.88,8.60,8.61,44284255,385954944.000
05/17/2012,8.64,8.76,8.56,8.68,32767254,284334624.000
05/18/2012,8.65,8.78,8.55,8.58,47731890,415069504.000
05/21/2012,8.60,8.76,8.56,8.67,29233305,253442320.000
05/22/2012,8.70,9.03,8.68,9.01,58269085,517700320.000
05/23/2012,8.96,9.12,8.93,9.05,35449530,321066944.000
05/24/2012,9.06,9.16,8.90,8.92,28345060,256025456.000
05/25/2012,8.92,9.07,8.82,8.85,34985271,313197408.000
05/28/2012,8.80,9.20,8.76,9.17,60463488,544844800.000
05/29/2012,9.17,9.38,9.10,9.27,66409867,614809216.000
05/30/2012,9.28,9.49,9.20,9.31,70798071,663089344.000
05/31/2012,9.24,9.32,9.21,9.25,24631533,228107648.000
06/01/2012,9.25,9.34,9.10,9.15,34606947,319127264.000
06/04/2012,9.07,9.22,9.00,9.04,39877280,363370080.000
06/05/2012,9.04,9.15,9.01,9.11,43435926,394834112.000
06/06/2012,9.10,9.11,8.94,8.98,35461686,319959680.000
06/07/2012,9.07,9.22,8.91,8.96,53650850,488232192.000
06/08/2012,9.09,9.16,8.84,8.92,85305571,766386688.000
06/11/2012,8.98,9.39,8.93,9.20,88912938,816206400.000
06/12/2012,9.19,9.38,9.17,9.22,82302559,762947264.000
06/13/2012,9.31,9.44,9.21,9.27,66846679,621607040.000
06/14/2012,9.30,9.40,9.25,9.28,48780246,454871072.000
06/15/2012,9.30,9.33,8.98,9.11,73916531,673744000.000
06/18/2012,9.13,9.19,9.06,9.19,56613283,516643616.000
06/19/2012,9.13,9.20,9.01,9.06,31268850,284683392.000
06/20/2012,9.08,9.11,8.98,9.03,27190001,246101632.000
06/21/2012,9.00,9.10,8.97,9.03,31852780,287884704.000
06/25/2012,8.97,8.97,8.59,8.75,71557112,629673856.000
06/26/2012,8.72,9.01,8.70,8.95,64364527,570644928.000
06/27/2012,8.91,9.09,8.84,8.95,49201046,442982400.000
06/28/2012,8.96,9.00,8.84,8.85,33598538,299511712.000
06/29/2012,8.86,9.02,8.82,8.91,28620509,254738096.000
07/02/2012,8.94,9.06,8.91,8.98,29145688,261062832.000
07/03/2012,8.99,9.23,8.90,9.12,52201423,476735104.000
07/04/2012,9.15,9.20,9.09,9.11,29758246,271842016.000
07/05/2012,9.02,9.30,9.02,9.29,71648882,658751168.000
07/06/2012,9.48,9.65,9.40,9.65,165535895,1583264768.000
07/09/2012,9.56,9.90,9.50,9.66,104794057,1024723072.000
07/10/2012,9.60,9.75,9.40,9.54,59447305,569835520.000
07/11/2012,9.51,9.71,9.29,9.40,68793326,651273088.000
07/12/2012,9.39,9.73,9.36,9.63,74275885,708986816.000
07/13/2012,9.60,9.88,9.57,9.86,72265947,707758464.000
07/16/2012,9.85,9.92,9.58,9.73,51985235,506012224.000
07/17/2012,9.66,9.95,9.65,9.80,41476380,407829216.000
07/18/2012,9.79,9.90,9.20,9.43,90409486,854379904.000
07/19/2012,9.40,9.59,9.32,9.44,57823353,546749568.000
07/20/2012,9.36,9.43,9.19,9.30,39410690,367447680.000
07/23/2012,9.20,9.34,9.13,9.21,28790978,264864320.000
07/24/2012,9.17,9.48,9.16,9.33,33037828,308784736.000
07/25/2012,9.26,9.30,9.05,9.10,42848478,391209984.000
07/26/2012,9.09,9.18,8.80,8.91,54631095,488521216.000
07/27/2012,8.91,9.04,8.74,8.98,29959677,267873392.000
07/30/2012,9.02,9.10,9.00,9.00,22547620,204003328.000
07/31/2012,9.08,9.26,9.05,9.23,35851541,329172128.000
08/01/2012,9.23,9.44,9.23,9.33,34938783,327291232.000
08/02/2012,9.32,9.33,8.50,8.70,95384880,842599488.000
08/03/2012,8.81,8.85,8.50,8.70,71748429,620735680.000
08/06/2012,8.65,8.83,8.52,8.76,63653858,551049600.000
08/07/2012,8.80,8.95,8.72,8.83,46459413,408871040.000
08/08/2012,8.82,9.01,8.81,8.93,42680473,380925888.000
08/09/2012,8.94,9.09,8.93,9.00,42220433,380576192.000
08/10/2012,9.00,9.00,8.75,8.79,45993456,405112288.000
08/13/2012,8.76,8.76,8.32,8.42,123215010,1045248256.000
08/14/2012,8.44,8.58,8.35,8.58,49906761,422942304.000
08/15/2012,8.51,8.60,8.48,8.57,33558427,286716032.000
08/16/2012,8.52,8.66,8.52,8.64,26597063,229297600.000
08/17/2012,8.63,8.70,8.50,8.61,26052034,223700880.000
08/20/2012,8.50,8.50,8.30,8.50,40163770,336400608.000
08/21/2012,8.45,8.60,8.22,8.32,82020294,685725760.000
08/22/2012,8.30,8.31,8.03,8.14,80119018,652654976.000
08/23/2012,8.13,8.21,7.98,8.11,62574209,506929824.000
08/24/2012,8.05,8.16,8.02,8.12,34829571,282676448.000
08/27/2012,8.10,8.21,8.05,8.08,42663042,346703104.000
08/28/2012,8.07,8.12,7.95,8.00,36009463,288383808.000
08/29/2012,7.97,8.07,7.94,7.97,20237241,161700080.000
08/30/2012,7.88,8.04,7.88,7.99,31272297,249676416.000
08/31/2012,7.95,8.12,7.95,8.02,27298519,220096000.000
09/03/2012,8.03,8.35,8.01,8.29,63069745,520954944.000
09/04/2012,8.29,8.36,8.19,8.23,37074476,307083776.000
09/05/2012,8.23,8.41,8.21,8.32,39501221,329668288.000
09/06/2012,8.34,8.50,8.31,8.35,28171593,236230240.000
09/07/2012,8.42,8.88,8.40,8.60,107057198,924236096.000
09/10/2012,8.62,8.71,8.50,8.61,52496170,450581888.000
09/11/2012,8.55,8.58,8.41,8.48,35288028,299554912.000
09/12/2012,8.53,8.62,8.33,8.45,46291776,389967488.000
09/13/2012,8.44,8.54,8.35,8.42,25213328,213196080.000
09/14/2012,8.49,8.51,8.26,8.34,77417708,645278528.000
09/17/2012,8.30,8.36,7.96,8.06,89886702,725758144.000
09/18/2012,8.02,8.11,7.95,8.01,34475645,276953312.000
09/19/2012,8.04,8.05,7.96,8.04,36685165,293740704.000
09/20/2012,8.00,8.02,7.77,7.82,58472789,459069888.000
09/21/2012,7.80,7.86,7.76,7.81,38855004,303523456.000
09/24/2012,7.80,7.98,7.60,7.89,45501387,354786400.000
09/25/2012,7.87,7.95,7.83,7.91,23961651,189554016.000
09/26/2012,7.90,7.93,7.72,7.79,24969416,194416640.000
09/27/2012,7.80,8.23,7.74,8.21,76955242,618813120.000
09/28/2012,8.12,8.45,8.06,8.43,76046400,629670656.000
10/08/2012,8.37,8.47,8.09,8.16,47316180,388940928.000
10/09/2012,8.19,8.39,8.18,8.36,48794285,406162432.000
10/10/2012,8.37,8.37,8.20,8.36,50734350,420866016.000
10/11/2012,8.33,8.33,8.22,8.29,25436967,210036032.000
10/12/2012,8.32,8.38,8.19,8.24,31135663,257470896.000
10/15/2012,8.26,8.26,8.14,8.19,21370542,174773888.000
10/16/2012,8.18,8.25,8.14,8.18,29162299,239021040.000
10/17/2012,8.22,8.23,8.11,8.13,36720948,299435808.000
10/18/2012,8.17,8.49,8.11,8.44,86013394,718318336.000
10/19/2012,8.40,8.50,8.38,8.42,36890984,311265024.000
10/22/2012,8.38,8.49,8.25,8.42,65103547,543492224.000
10/23/2012,8.40,8.57,8.36,8.40,50191320,424849472.000
10/24/2012,8.48,8.53,8.39,8.43,46099485,389930528.000
10/25/2012,8.44,8.53,8.31,8.35,42170323,354406208.000
10/26/2012,8.35,8.39,8.13,8.20,35232405,289454976.000
10/29/2012,8.19,8.22,8.08,8.22,31262939,255171120.000
10/30/2012,8.23,8.39,8.15,8.30,59343734,491766048.000
10/31/2012,8.29,8.34,8.18,8.32,47222524,389716928.000
11/01/2012,8.30,8.65,8.27,8.59,131734953,1126246528.000
11/02/2012,8.61,8.70,8.53,8.65,74212489,639417920.000
11/05/2012,8.65,8.73,8.50,8.67,49850991,429726720.000
11/06/2012,8.67,8.69,8.47,8.61,40986303,352493472.000
11/07/2012,8.60,8.66,8.47,8.51,33180551,283476256.000
11/08/2012,8.45,8.59,8.42,8.50,35165929,299941504.000
11/09/2012,8.45,8.54,8.37,8.38,33851822,285786880.000
11/12/2012,8.38,8.57,8.37,8.56,47566823,403859712.000
11/13/2012,8.54,8.54,8.34,8.37,31455114,264760528.000
11/14/2012,8.34,8.41,8.27,8.37,21846746,182174928.000
11/15/2012,8.34,8.37,8.22,8.25,45267675,374963456.000
11/16/2012,8.18,8.25,8.09,8.22,38587583,314443392.000
11/19/2012,8.21,8.28,8.07,8.18,28144589,229957424.000
11/20/2012,8.20,8.37,8.16,8.25,30590158,253268800.000
11/21/2012,8.25,8.40,8.22,8.37,30273757,252100560.000
11/22/2012,8.31,8.47,8.28,8.38,30010069,252122176.000
11/23/2012,8.42,8.51,8.37,8.45,32228363,272251072.000
11/26/2012,8.43,8.50,8.35,8.42,30318655,254786368.000
11/27/2012,8.38,8.52,8.34,8.46,30320075,256012800.000
11/28/2012,8.44,8.47,8.32,8.34,25742968,216441056.000
11/29/2012,8.34,8.51,8.34,8.43,35909052,303336576.000
11/30/2012,8.43,8.92,8.41,8.75,95192862,832880384.000
12/03/2012,8.75,9.00,8.70,8.80,88740723,788799744.000
12/04/2012,8.79,8.96,8.62,8.95,62180176,549269440.000
12/05/2012,8.92,9.35,8.92,9.14,117872283,1079694720.000
12/06/2012,9.13,9.35,9.12,9.27,70892647,656493440.000
12/07/2012,9.28,9.40,9.09,9.20,89478932,826972608.000
12/10/2012,9.26,9.40,9.16,9.34,102496108,955422912.000
12/11/2012,9.30,9.35,9.23,9.24,32082816,298454336.000
12/12/2012,9.24,9.33,9.06,9.24,47958007,441398240.000
12/13/2012,9.23,9.42,9.12,9.32,68234120,638204672.000
12/14/2012,9.34,9.73,9.29,9.70,120122106,1149410432.000
12/17/2012,9.68,9.90,9.49,9.57,99622062,965351168.000
12/18/2012,9.51,9.67,9.16,9.22,141128470,1319079168.000
12/19/2012,9.21,9.36,9.01,9.31,137002056,1255541376.000
12/20/2012,9.25,9.51,9.18,9.48,79967397,748850368.000
12/21/2012,9.50,9.60,9.33,9.43,54450908,515889248.000
12/24/2012,9.45,9.61,9.43,9.55,47518724,452650304.000
12/25/2012,9.55,10.26,9.50,10.12,166448824,1658338048.000
01/21/2013,11.13,11.13,11.13,11.13,23430893,260785840.000
01/22/2013,11.69,12.18,11.57,11.76,464332645,5468736000.000
01/23/2013,11.80,11.83,11.50,11.69,129945195,1514144512.000
01/24/2013,11.61,12.22,11.57,11.95,219041827,2623808768.000
01/25/2013,11.98,12.02,11.57,11.70,86321707,1013223936.000
01/28/2013,11.65,12.17,11.64,12.06,138997964,1666366848.000
01/29/2013,12.09,12.65,12.06,12.21,135988614,1682119168.000
01/30/2013,12.17,12.75,12.15,12.67,127081229,1585016832.000
01/31/2013,12.60,12.64,11.95,12.01,151307795,1847783680.000
02/01/2013,12.05,12.15,11.63,11.96,168332416,1998393856.000
02/04/2013,11.83,12.10,11.51,11.90,146699792,1727427840.000
02/05/2013,11.91,12.52,11.80,12.33,169459019,2067790848.000
02/06/2013,12.30,12.31,11.99,12.16,74930071,909340160.000
02/07/2013,12.07,12.10,11.79,11.88,77307246,920219264.000
02/08/2013,11.80,12.19,11.78,12.03,79113930,946272256.000
02/18/2013,12.13,12.22,11.61,11.70,78311007,926069440.000
02/19/2013,11.73,11.74,11.16,11.20,118304951,1338138624.000
02/20/2013,11.18,11.46,11.14,11.44,84089374,948132032.000
02/21/2013,11.40,11.69,11.03,11.31,146114229,1662394368.000
02/22/2013,11.28,11.45,11.18,11.32,61330999,694709952.000
02/25/2013,11.33,11.45,10.85,11.01,82375532,911798912.000
02/26/2013,10.90,11.17,10.73,10.82,77476142,851761152.000
02/27/2013,10.82,11.40,10.82,11.32,87903095,982106304.000
02/28/2013,11.52,12.09,11.52,12.00,154546514,1829220736.000
03/01/2013,12.01,12.18,11.78,12.04,87506614,1049191424.000
03/04/2013,11.04,11.25,10.84,10.84,311545544,3408720384.000
03/05/2013,10.83,11.05,10.50,10.89,218277525,2348128000.000
03/06/2013,10.94,11.27,10.94,11.15,145417479,1616878848.000
03/07/2013,11.09,11.43,10.89,11.21,114670135,1277049728.000
03/08/2013,11.22,11.30,10.95,10.96,70600023,783976576.000
03/11/2013,10.90,11.26,10.80,11.11,66667092,743149760.000
03/12/2013,11.05,11.45,11.04,11.22,97831067,1100966528.000
03/13/2013,11.20,11.20,10.87,10.95,64584652,708390080.000
03/14/2013,10.82,11.01,10.64,10.80,70496318,761951168.000
03/15/2013,10.75,10.98,10.33,10.48,104999733,1113088000.000
03/18/2013,10.43,10.80,10.43,10.69,62920981,669162048.000
03/19/2013,10.71,11.03,10.61,10.95,70996709,773139584.000
03/20/2013,10.96,11.42,10.91,11.22,104552810,1177129984.000
03/21/2013,11.23,11.30,10.84,11.01,80610377,891271168.000
03/22/2013,11.00,11.08,10.82,11.00,68408212,746499904.000
03/25/2013,11.05,11.25,10.91,11.14,59536498,662996480.000
03/26/2013,11.17,11.57,11.10,11.12,97241213,1100471296.000
03/27/2013,11.09,11.43,11.09,11.25,60769798,685761216.000
03/28/2013,11.05,11.07,10.50,10.96,105144156,1139383168.000
03/29/2013,10.94,10.98,10.71,10.76,41894995,453369344.000
04/01/2013,10.83,11.25,10.83,11.00,67843859,751705152.000
04/02/2013,11.07,11.45,11.00,11.20,90543003,1022376832.000
04/03/2013,11.23,11.43,11.01,11.20,53910464,603385088.000
04/08/2013,10.88,11.07,10.60,10.98,66456864,721698176.000
04/09/2013,10.98,11.25,10.93,10.99,65685830,726102144.000
04/10/2013,11.03,11.20,10.94,11.04,60813232,674157504.000
04/11/2013,11.19,11.35,10.99,11.00,51563841,575027008.000
04/12/2013,10.94,11.07,10.89,10.92,37744202,413198272.000
04/15/2013,10.98,11.19,10.75,11.03,65294367,719172672.000
04/16/2013,10.93,11.66,10.90,11.64,142495345,1615868416.000
04/17/2013,11.63,11.89,11.42,11.65,87720144,1022448576.000
04/18/2013,11.56,11.93,11.52,11.70,65582888,772023680.000
04/19/2013,11.74,11.93,11.59,11.91,86913542,1027355776.000
04/22/2013,11.94,12.00,11.41,11.69,96935830,1128958208.000
04/23/2013,11.58,11.58,10.98,11.28,100475436,1127826688.000
04/24/2013,11.28,11.44,11.04,11.30,100774305,1132186240.000
04/25/2013,11.24,11.24,10.91,10.98,102690866,1133098752.000
04/26/2013,10.99,11.19,10.99,11.03,48444343,537329600.000
05/02/2013,10.88,11.38,10.86,11.34,73106311,819958528.000
05/03/2013,11.35,11.70,11.34,11.39,100654064,1160158720.000
05/06/2013,11.39,11.48,11.24,11.32,70548375,800310208.000
05/07/2013,11.27,11.61,11.25,11.58,79763991,919178240.000
05/08/2013,11.72,12.04,11.68,11.74,80520426,952822144.000
05/09/2013,11.69,11.73,11.40,11.59,61023713,706179520.000
05/10/2013,11.58,11.78,11.55,11.75,40236098,470946400.000
05/13/2013,11.77,11.90,11.59,11.62,38375174,449671712.000
05/14/2013,11.59,11.67,11.26,11.32,42887758,488095328.000
05/15/2013,11.32,11.42,11.21,11.31,32849474,370905952.000
05/16/2013,11.18,11.70,11.12,11.70,85115614,977273408.000
05/17/2013,11.68,12.20,11.67,12.16,151364129,1814199296.000
05/20/2013,12.20,12.45,11.90,11.93,126290487,1539658624.000
05/21/2013,11.99,12.03,11.77,12.03,69293266,824911424.000
05/22/2013,11.99,12.30,11.88,12.10,76503339,929453568.000
05/23/2013,12.10,12.47,11.90,12.01,93165082,1140034944.000
05/24/2013,12.05,12.19,11.72,11.91,87662035,1038767296.000
05/27/2013,11.84,11.87,11.68,11.80,51237499,602815680.000
05/28/2013,11.81,12.38,11.72,12.36,94178764,1134595200.000
05/29/2013,12.36,12.61,12.26,12.32,98852007,1228475648.000
05/30/2013,12.20,12.45,12.11,12.31,51775025,636178880.000
05/31/2013,12.31,12.41,11.95,11.98,61379359,743854400.000
06/03/2013,12.01,12.20,11.95,12.00,52348906,630894592.000
06/04/2013,12.00,12.16,11.74,11.86,73788188,878947648.000
06/05/2013,11.90,11.90,11.68,11.83,47892830,563541120.000
06/06/2013,11.79,11.82,11.43,11.49,67642762,782219072.000
06/07/2013,11.45,11.53,11.06,11.21,87652503,987778624.000
06/13/2013,11.00,11.00,10.45,10.67,86938921,933052160.000
06/14/2013,10.71,10.82,10.65,10.69,56813739,608814912.000
06/17/2013,10.73,10.75,10.18,10.33,117954908,1222588032.000
06/18/2013,10.35,10.47,10.30,10.44,70590357,734233728.000
06/19/2013,10.38,10.38,9.99,10.19,96882103,982584896.000
06/20/2013,10.19,10.27,9.89,9.92,80301176,809447552.000
06/21/2013,9.72,10.06,9.60,9.90,90978987,899271360.000
06/24/2013,9.88,9.88,9.00,9.03,173365094,1609937152.000
06/25/2013,8.90,9.16,8.38,8.85,170938862,1515491712.000
06/26/2013,9.10,9.14,8.79,8.99,143592186,1284525056.000
06/27/2013,9.10,9.36,9.01,9.09,129277445,1187763328.000
06/28/2013,9.15,10.00,9.15,9.85,234909285,2292843776.000
07/01/2013,9.74,10.00,9.62,9.88,103759338,1016280576.000
07/02/2013,9.88,9.91,9.40,9.72,110995668,1072622720.000
07/03/2013,9.70,9.70,9.22,9.46,123077781,1154714240.000
07/04/2013,9.38,9.92,9.38,9.80,132003811,1285480576.000
07/05/2013,10.20,10.70,10.06,10.20,142439856,1465504384.000
07/08/2013,10.06,10.33,9.90,10.00,84632748,855448384.000
07/09/2013,9.91,10.05,9.58,9.66,80460974,779695552.000
07/10/2013,9.71,10.31,9.63,10.28,94910142,947248384.000
07/11/2013,10.37,11.01,10.35,10.78,197670616,2115303296.000
07/12/2013,10.83,10.95,10.32,10.40,92669019,982458432.000
07/15/2013,10.45,10.75,10.24,10.45,86632508,909995136.000
07/16/2013,10.34,10.52,10.11,10.45,89019725,917005760.000
07/17/2013,10.35,10.70,10.10,10.39,91172856,947459648.000
07/18/2013,10.35,10.52,10.07,10.12,73428323,750596160.000
07/19/2013,10.15,10.18,9.50,9.56,138749304,1353875840.000
07/22/2013,9.48,9.60,9.29,9.45,88292652,832014976.000
07/23/2013,9.50,9.88,9.42,9.88,91277075,889195072.000
07/24/2013,9.80,9.85,9.40,9.59,110450897,1056959552.000
07/25/2013,9.59,9.69,9.40,9.50,73204962,698627008.000
07/26/2013,9.41,9.53,9.30,9.35,64357475,604528448.000
07/29/2013,9.28,9.28,8.93,9.15,110724868,999854144.000
07/30/2013,9.13,9.47,9.01,9.26,94080806,870848064.000
07/31/2013,9.80,10.10,9.49,9.52,158506985,1548869760.000
08/01/2013,9.57,9.88,9.50,9.74,98028904,956075712.000
08/02/2013,10.07,10.26,9.90,9.98,132833863,1334337024.000
08/05/2013,9.90,10.04,9.82,9.99,76602583,759024320.000
08/06/2013,9.85,9.96,9.66,9.93,102637820,1007127552.000
08/07/2013,10.10,10.34,9.93,9.98,155839503,1582541824.000
08/08/2013,10.04,10.04,9.76,9.79,78178872,770914304.000
08/09/2013,9.88,9.91,9.60,9.75,71965189,701494016.000
08/12/2013,9.77,10.13,9.77,10.13,141877025,1413329664.000
08/13/2013,10.12,10.19,10.03,10.16,84442596,855255040.000
