12/01/2006,4.14,4.24,4.07,4.09,1891494,7859270.000
12/04/2006,4.06,4.23,4.06,4.12,1716440,7133701.000
12/05/2006,4.15,4.33,4.11,4.32,2803520,11988146.000
12/06/2006,4.36,4.39,4.10,4.14,2140157,9009658.000
12/07/2006,4.16,4.22,4.04,4.13,2056022,8465250.000
12/08/2006,4.10,4.26,4.04,4.04,1816137,7514020.000
12/11/2006,4.04,4.13,4.04,4.12,696104,2847373.500
12/12/2006,4.08,4.12,4.03,4.10,658826,2681758.250
12/13/2006,4.10,4.16,4.04,4.09,661325,2717319.750
12/14/2006,4.07,4.11,4.03,4.10,863577,3513517.000
12/15/2006,4.10,4.14,4.05,4.08,879505,3584582.250
12/18/2006,4.07,4.28,4.05,4.24,1885354,7883195.000
12/20/2006,4.21,4.45,4.20,4.28,1913057,8322176.500
12/21/2006,4.29,4.33,4.22,4.29,1166723,4978640.000
12/22/2006,4.29,4.40,4.26,4.37,1233280,5342962.500
12/25/2006,4.37,4.46,4.32,4.34,1290354,5647687.500
12/26/2006,4.33,4.34,4.13,4.19,1554953,6547109.000
12/27/2006,4.15,4.18,4.09,4.17,871878,3605781.750
12/28/2006,4.14,4.15,4.00,4.00,1156453,4702420.500
12/29/2006,4.02,4.14,4.01,4.10,821696,3331491.750
01/04/2007,4.12,4.12,3.99,4.06,1262915,5094328.000
01/05/2007,4.01,4.04,3.97,4.03,981201,3929624.750
01/08/2007,4.05,4.16,4.03,4.15,902640,3717751.000
01/09/2007,4.14,4.29,4.11,4.24,1799855,7581198.000
01/10/2007,4.20,4.38,4.20,4.21,1725559,7421856.500
01/11/2007,4.38,4.42,4.28,4.42,2442496,10728278.000
01/12/2007,4.42,4.64,4.40,4.41,4820221,22016930.000
01/15/2007,4.26,4.63,4.26,4.58,1827455,8184291.500
01/16/2007,4.53,4.68,4.53,4.65,1550442,7126930.000
01/17/2007,4.63,4.69,4.42,4.56,2655067,12106022.000
01/18/2007,4.52,4.53,4.33,4.49,2121548,9343341.000
01/19/2007,4.50,4.56,4.47,4.55,1664792,7507180.500
01/22/2007,4.58,4.78,4.58,4.78,2322120,10979966.000
01/23/2007,4.84,4.99,4.69,4.98,2055810,9895161.000
01/24/2007,4.98,5.05,4.88,4.91,2652975,13136240.000
01/25/2007,4.90,4.95,4.67,4.95,3014517,14464481.000
01/26/2007,4.88,5.00,4.71,4.95,1819974,8831490.000
01/29/2007,4.99,5.07,4.92,5.05,2875255,14368206.000
01/30/2007,5.05,5.06,4.90,4.95,986765,4912175.000
01/31/2007,4.91,5.00,4.70,4.70,1630519,7896796.000
02/01/2007,4.75,4.75,4.48,4.60,1694140,7769971.000
02/02/2007,4.64,4.72,4.55,4.56,1153025,5310880.000
02/05/2007,4.57,4.67,4.48,4.63,955329,4375671.000
02/06/2007,4.69,4.79,4.68,4.74,967108,4584321.000
02/07/2007,4.73,4.79,4.71,4.76,1069223,5076884.000
02/08/2007,4.78,4.95,4.75,4.95,1696101,8243465.000
02/09/2007,4.92,5.01,4.85,4.94,976945,4830303.000
02/12/2007,4.98,5.05,4.88,5.02,1573081,7811959.500
02/13/2007,5.05,5.27,5.00,5.27,2682759,13845134.000
02/14/2007,5.26,5.43,5.20,5.30,1714582,9141971.000
02/15/2007,5.42,5.42,5.18,5.33,1892371,10037273.000
02/16/2007,5.39,5.60,5.24,5.43,1815781,9969175.000
02/26/2007,5.40,5.70,5.37,5.70,729412,4102427.750
02/27/2007,5.99,5.99,5.42,5.48,4709060,27542318.000
02/28/2007,5.49,5.75,5.49,5.75,1929267,10994184.000
03/01/2007,6.00,6.04,5.81,6.04,3853070,23085790.000
03/02/2007,6.04,6.34,6.00,6.34,2088184,12977687.000
03/05/2007,6.36,6.66,6.36,6.66,3143119,20660020.000
03/06/2007,6.68,6.81,6.33,6.60,3176601,20686840.000
03/07/2007,6.58,6.60,6.27,6.60,2733410,17453588.000
03/08/2007,6.48,6.68,6.45,6.46,1763659,11540716.000
03/09/2007,6.46,6.50,6.25,6.40,1800547,11499070.000
03/12/2007,6.35,6.67,6.35,6.48,2345618,15362758.000
03/13/2007,6.53,6.80,6.48,6.80,2599681,17288396.000
03/14/2007,6.82,7.07,6.55,6.88,2532945,17321250.000
03/15/2007,6.81,7.07,6.80,6.90,1347929,9352034.000
03/16/2007,6.90,6.98,6.56,6.70,2065016,13964095.000
03/19/2007,6.39,6.64,6.38,6.54,1686204,11010487.000
03/20/2007,6.56,6.87,6.49,6.80,1347474,8963487.000
03/21/2007,6.79,6.99,6.72,6.94,1364814,9375778.000
03/22/2007,6.85,7.29,6.85,7.29,2081972,15108546.000
03/23/2007,7.55,7.65,7.55,7.65,975687,7456108.500
03/26/2007,8.03,8.03,8.03,8.03,245682,1972826.500
03/27/2007,8.43,8.43,7.63,7.95,4133179,32855872.000
03/28/2007,7.99,8.08,7.55,7.82,2495273,19272724.000
03/29/2007,7.77,7.82,7.43,7.43,1876480,14318113.000
03/30/2007,7.45,7.75,7.40,7.62,1401618,10651567.000
04/02/2007,7.62,7.95,7.60,7.90,1019671,7977606.500
04/03/2007,7.82,8.05,7.76,7.80,1042093,8227441.000
04/04/2007,7.94,7.95,7.60,7.70,1164242,9036987.000
04/05/2007,7.67,7.89,7.61,7.84,1075985,8338013.000
04/06/2007,7.75,7.99,7.75,7.99,1315478,10400079.000
04/09/2007,8.05,8.39,8.03,8.39,2206716,18435398.000
04/10/2007,8.39,8.50,8.10,8.35,1703385,14195464.000
04/11/2007,8.21,8.42,8.17,8.42,1673852,13826696.000
04/12/2007,8.39,8.62,8.30,8.41,1335755,11305541.000
04/13/2007,8.48,8.56,8.25,8.40,2131453,17906044.000
04/16/2007,8.35,8.65,8.30,8.55,2147353,18314998.000
04/17/2007,8.51,8.98,8.51,8.98,2716211,23980978.000
04/18/2007,9.25,9.32,8.97,9.00,2167202,19742860.000
04/19/2007,8.99,9.00,8.55,8.55,2573463,22248820.000
04/20/2007,8.50,8.98,8.50,8.98,3657988,32202426.000
04/23/2007,9.08,9.34,8.98,9.24,2269651,20867062.000
04/24/2007,9.26,9.70,9.05,9.45,3649426,34430100.000
04/25/2007,9.59,9.60,9.10,9.41,2137738,20043180.000
04/26/2007,9.40,9.88,9.40,9.88,2902047,28290904.000
04/27/2007,9.39,9.86,9.39,9.39,3685194,34882800.000
04/30/2007,8.92,9.35,8.92,9.10,4452683,39916908.000
05/08/2007,9.12,9.33,8.76,9.11,3526982,31834634.000
05/09/2007,9.10,9.26,8.78,9.00,3135228,28239590.000
05/10/2007,9.00,9.45,8.87,9.45,4575579,42291916.000
05/11/2007,9.49,9.49,9.10,9.33,2808395,25896676.000
05/14/2007,9.13,9.49,9.03,9.28,2479865,23048734.000
05/15/2007,9.30,9.74,9.30,9.72,7937815,76682088.000
05/16/2007,9.74,10.08,9.59,9.95,3943219,38697248.000
05/17/2007,10.00,10.45,9.75,10.45,4187855,42431188.000
05/18/2007,10.31,10.94,10.31,10.81,4672029,50342752.000
05/21/2007,10.80,11.35,10.57,11.35,3546278,39671048.000
05/22/2007,11.92,11.92,11.92,11.92,521516,6216470.500
05/25/2007,12.52,12.52,12.52,12.52,356023,4457408.000
05/28/2007,13.01,13.01,10.40,11.91,8695953,106396504.000
05/29/2007,11.80,11.99,11.31,11.31,6938568,79383104.000
05/30/2007,10.74,11.03,10.74,10.74,2799997,30161920.000
05/31/2007,10.20,10.25,10.20,10.20,1300500,13266510.000
06/01/2007,9.69,9.69,9.69,9.69,221500,2146335.000
06/04/2007,9.21,9.21,9.21,9.21,95100,875871.000
06/05/2007,8.75,8.75,8.75,8.75,48500,424375.000
06/06/2007,8.31,8.74,8.31,8.31,6376757,53360868.000
06/07/2007,7.93,8.43,7.89,8.31,6740816,53997668.000
06/08/2007,8.38,8.70,8.34,8.50,4616575,39387976.000
06/11/2007,8.60,8.75,8.08,8.20,4306638,35591680.000
06/12/2007,8.19,8.19,7.79,7.91,4310475,33940924.000
06/13/2007,7.90,8.31,7.89,8.31,2421337,19959308.000
06/14/2007,8.72,8.72,8.36,8.45,4812584,41221944.000
06/15/2007,8.38,8.49,8.11,8.20,2721318,22505446.000
06/18/2007,8.23,8.41,8.15,8.30,2913428,24149234.000
06/19/2007,8.25,8.72,8.23,8.72,3980105,34379280.000
06/20/2007,8.88,9.10,8.28,8.28,4637738,40137108.000
06/21/2007,8.28,8.47,7.87,8.00,2761193,22276244.000
06/22/2007,8.00,8.09,7.60,7.60,1884366,14541131.000
06/25/2007,7.22,7.48,7.22,7.22,2293131,16568106.000
06/26/2007,6.86,6.97,6.86,6.86,1742838,11965132.000
06/27/2007,6.58,7.09,6.56,7.01,2374238,16270042.000
06/28/2007,6.90,7.28,6.66,6.66,1955187,13515267.000
06/29/2007,6.40,6.55,6.33,6.33,1723134,10921711.000
07/02/2007,6.31,6.33,6.01,6.14,2464447,14936113.000
07/03/2007,6.20,6.45,6.06,6.45,2002720,12509130.000
07/04/2007,6.33,6.41,6.13,6.13,1484602,9225153.000
07/05/2007,6.07,6.18,5.82,5.95,1882511,11221724.000
07/06/2007,5.91,6.25,5.75,6.24,1937418,11722896.000
07/09/2007,6.25,6.52,6.12,6.38,1640089,10379944.000
07/10/2007,6.26,6.44,6.10,6.13,1538412,9648184.000
07/11/2007,6.07,6.25,6.06,6.25,768712,4748112.500
07/12/2007,6.20,6.45,6.16,6.38,1221320,7742444.500
07/13/2007,6.40,6.40,6.20,6.24,652346,4099186.500
07/16/2007,6.25,6.36,6.20,6.25,941580,5909406.500
07/17/2007,6.26,6.48,6.18,6.40,1178604,7535430.000
07/18/2007,6.10,6.25,6.08,6.13,1978442,12187862.000
07/19/2007,6.13,6.44,6.13,6.44,2846287,18171920.000
07/20/2007,6.42,6.76,6.42,6.76,2451409,16441014.000
07/23/2007,6.85,7.10,6.85,7.10,1101320,7788941.000
07/24/2007,7.40,7.46,7.11,7.13,4054019,29677010.000
07/25/2007,7.14,7.49,6.97,7.49,1790212,13079535.000
07/26/2007,7.60,7.86,7.60,7.86,3342402,26195744.000
07/27/2007,7.88,8.06,7.63,8.00,2056524,16167009.000
07/30/2007,7.95,8.40,7.80,8.40,4822809,40086652.000
07/31/2007,8.44,8.82,8.33,8.80,2297769,19679120.000
08/01/2007,8.80,9.00,8.36,8.36,3518719,30203000.000
08/02/2007,8.04,8.34,7.94,8.15,2969151,23981538.000
08/03/2007,8.17,8.26,7.76,7.98,1662597,13305248.000
08/06/2007,7.98,8.38,7.85,8.38,4666495,38017692.000
08/07/2007,8.35,8.80,8.20,8.74,2567596,22174664.000
08/08/2007,8.65,9.03,8.30,8.90,2422161,21148544.000
08/09/2007,8.90,9.20,8.57,8.90,2130280,18769914.000
08/10/2007,8.70,8.95,8.46,8.70,2659208,22917098.000
08/13/2007,8.63,9.10,8.36,8.67,2097953,18491394.000
08/14/2007,8.53,9.04,8.41,8.87,2615454,22905848.000
08/15/2007,8.87,8.96,8.43,8.60,1731221,14866415.000
08/16/2007,8.54,8.75,8.41,8.62,1328407,11445294.000
08/17/2007,8.63,8.84,8.55,8.77,2062472,17975978.000
08/20/2007,8.90,9.20,8.65,9.10,4656867,41365080.000
08/21/2007,8.99,9.56,8.98,9.56,3599364,33800028.000
08/22/2007,9.65,10.04,9.47,9.90,4495147,44295872.000
08/23/2007,9.78,10.19,9.63,10.03,2781798,27473178.000
08/24/2007,9.99,10.05,9.53,10.03,4497921,43853324.000
08/27/2007,10.10,10.25,9.68,9.80,3112441,31001866.000
08/28/2007,9.51,9.89,9.31,9.88,2549647,24478222.000
08/29/2007,9.79,10.00,9.51,9.52,1370257,13300825.000
08/30/2007,9.33,9.69,9.33,9.56,938070,8949586.000
08/31/2007,9.57,9.95,9.51,9.80,1661539,16205168.000
09/03/2007,9.80,10.29,9.80,10.29,4826878,49486600.000
09/04/2007,10.68,10.80,10.35,10.55,4225508,44943104.000
09/05/2007,10.30,10.55,10.02,10.18,2923567,29890068.000
09/06/2007,10.16,10.58,10.16,10.48,2115644,21968380.000
09/07/2007,10.20,10.40,10.00,10.05,1860569,18852698.000
09/10/2007,9.99,10.18,9.55,10.06,2169353,21262692.000
09/11/2007,10.13,10.55,9.56,9.56,3274020,32983378.000
09/12/2007,9.13,9.56,9.08,9.12,1980274,18196416.000
09/13/2007,9.12,9.58,9.12,9.58,2369159,22476636.000
09/14/2007,9.61,10.05,9.60,9.95,2088686,20674874.000
09/17/2007,9.56,10.30,9.56,9.76,1850074,18229052.000
09/18/2007,9.73,9.96,9.27,9.44,1798169,17076634.000
09/19/2007,9.39,9.50,9.09,9.12,1017968,9368347.000
09/20/2007,9.21,9.40,9.20,9.27,982903,9111116.000
09/21/2007,9.27,9.45,9.09,9.19,992750,9104775.000
09/24/2007,9.19,9.45,8.81,9.30,937806,8533011.000
09/25/2007,9.35,9.58,9.11,9.21,571887,5329610.500
09/26/2007,9.18,9.40,9.17,9.18,618996,5739114.500
09/27/2007,9.20,9.36,9.01,9.09,640093,5831340.500
09/28/2007,9.12,9.46,9.05,9.39,1193786,11045884.000
10/08/2007,9.50,9.52,9.13,9.40,1052272,9816308.000
10/09/2007,9.40,9.48,9.18,9.32,911930,8513658.000
10/10/2007,9.39,9.39,9.16,9.16,844761,7802052.000
10/11/2007,9.20,9.31,8.85,9.30,1471286,13314041.000
10/12/2007,9.30,9.35,8.84,9.08,1327331,11897068.000
10/15/2007,8.95,9.00,8.63,8.80,1960222,17083304.000
10/16/2007,8.80,8.88,8.42,8.66,1450869,12487356.000
10/17/2007,8.66,9.07,8.60,9.05,2133910,18980106.000
10/18/2007,9.06,9.50,8.70,9.41,4541949,42946724.000
10/19/2007,9.00,9.87,9.00,9.34,2531584,24313642.000
10/22/2007,9.31,9.81,9.31,9.81,2664099,25800792.000
10/23/2007,9.82,10.30,9.65,9.70,3580713,35918576.000
10/24/2007,9.62,9.88,9.32,9.83,1521580,14585480.000
10/25/2007,9.82,9.82,9.34,9.34,961500,9133948.000
10/26/2007,8.87,9.10,8.87,8.87,722100,6411385.000
10/29/2007,8.44,9.31,8.44,9.31,1064197,9745711.000
10/30/2007,9.32,9.77,9.20,9.64,1106117,10652724.000
10/31/2007,9.90,10.12,9.75,10.12,3242977,32582980.000
11/01/2007,10.17,10.50,9.80,9.92,2567205,26054084.000
11/02/2007,9.42,10.12,9.42,9.67,1825711,17549312.000
11/05/2007,9.70,9.98,9.41,9.83,1523272,14694816.000
11/06/2007,9.80,9.80,9.37,9.61,966510,9228210.000
11/07/2007,9.59,9.95,9.42,9.62,758535,7295272.000
11/08/2007,9.85,10.10,9.48,10.10,3996595,40072608.000
11/09/2007,10.17,10.61,10.01,10.61,5743702,60640496.000
11/12/2007,10.61,10.92,10.08,10.08,2223354,23144772.000
11/13/2007,9.58,10.05,9.58,9.90,4893145,47209780.000
11/14/2007,10.15,10.15,9.77,9.90,1186225,11741653.000
11/15/2007,9.91,9.95,9.41,9.47,3626850,34518380.000
11/16/2007,9.36,9.36,9.00,9.05,1898578,17311586.000
11/19/2007,9.00,9.44,8.90,9.42,1084511,9900595.000
11/20/2007,9.40,9.77,9.30,9.49,781335,7408652.500
11/21/2007,9.49,9.60,9.12,9.17,505738,4688662.500
11/22/2007,9.17,9.17,8.88,9.03,671004,6081440.000
11/23/2007,9.04,9.45,8.90,9.35,879068,8048161.500
11/26/2007,9.49,9.61,9.10,9.14,711000,6645184.000
11/27/2007,9.10,9.25,9.01,9.05,312236,2838142.250
11/28/2007,9.05,9.16,9.00,9.10,348224,3165109.750
11/29/2007,9.10,9.28,9.06,9.27,534860,4894909.000
11/30/2007,9.20,9.35,8.98,9.05,617376,5673358.000
12/03/2007,9.04,9.04,8.60,8.84,1230612,10832712.000
12/04/2007,8.70,9.28,8.70,9.28,1416288,13074623.000
12/05/2007,9.30,9.31,8.83,9.10,812387,7396376.500
12/06/2007,9.23,9.45,8.96,9.23,680949,6242294.000
12/07/2007,9.20,9.33,9.03,9.30,629144,5808240.000
12/10/2007,9.36,9.44,9.18,9.37,1535171,14338289.000
12/11/2007,9.37,9.37,9.19,9.27,1298637,12008249.000
12/12/2007,9.28,9.68,9.16,9.46,1113471,10473445.000
12/13/2007,9.48,9.77,9.41,9.55,1687051,16165126.000
12/14/2007,9.39,9.99,9.38,9.91,2253966,22152882.000
12/17/2007,10.00,10.22,9.67,9.75,1702669,16845256.000
12/18/2007,9.70,9.85,9.56,9.70,561670,5441628.500
12/19/2007,9.72,9.93,9.59,9.83,625576,6108078.500
12/20/2007,9.80,9.97,9.71,9.87,624498,6164988.000
12/21/2007,9.72,10.07,9.67,9.82,1537682,15033704.000
12/24/2007,9.83,9.97,9.66,9.88,2166069,21328192.000
12/25/2007,9.90,9.98,9.70,9.77,1288820,12635291.000
12/26/2007,9.73,9.99,9.50,9.93,3193604,31048380.000
12/27/2007,9.92,10.36,9.88,10.16,3489724,35225700.000
12/28/2007,10.00,10.07,9.65,9.96,6261876,61241028.000
01/02/2008,9.86,10.46,9.71,10.40,5074825,51568504.000
01/03/2008,10.40,10.68,10.18,10.68,4453504,46379248.000
01/04/2008,10.80,10.99,10.45,10.82,3465719,37039700.000
01/07/2008,10.58,11.36,10.31,11.18,5173679,57541544.000
01/08/2008,11.16,11.46,10.75,10.99,3709816,40898180.000
01/09/2008,10.88,11.49,10.80,11.38,2737101,30825342.000
01/10/2008,11.38,11.54,11.03,11.06,2380146,26707384.000
01/11/2008,11.08,11.16,10.61,10.87,2030097,22008198.000
01/14/2008,10.80,11.26,10.70,11.00,1340514,14657277.000
01/15/2008,11.00,11.31,11.00,11.08,1125343,12531532.000
01/16/2008,11.08,11.08,10.53,10.53,2130410,22698952.000
01/17/2008,10.45,10.76,10.00,10.51,2410766,24828302.000
01/18/2008,10.55,10.59,10.22,10.30,817460,8484859.000
01/21/2008,10.40,10.70,9.90,10.20,2017593,20990700.000
01/22/2008,10.19,10.19,9.69,9.69,1498813,14565205.000
01/23/2008,9.23,9.54,9.21,9.47,2142378,19928038.000
01/24/2008,9.45,9.85,9.40,9.66,919193,8875289.000
01/25/2008,9.66,9.74,9.36,9.60,856902,8170798.000
01/28/2008,9.50,9.58,9.12,9.12,980201,8997798.000
01/29/2008,9.08,9.08,8.66,8.79,1437584,12544680.000
01/30/2008,8.80,9.21,8.70,8.99,1083441,9687895.000
01/31/2008,8.81,9.10,8.81,8.88,543480,4860227.500
02/01/2008,9.00,9.09,8.44,8.80,1033291,8901087.000
02/04/2008,8.80,9.22,8.70,9.21,848566,7692583.500
02/05/2008,9.21,9.35,8.89,9.11,838357,7571307.500
02/13/2008,9.00,9.12,8.90,8.98,557576,5028521.500
02/14/2008,9.00,9.13,9.00,9.10,423314,3848692.250
02/15/2008,9.17,9.37,9.06,9.24,899437,8307285.500
02/18/2008,9.24,9.62,9.24,9.50,607249,5754216.000
02/19/2008,9.45,9.72,9.41,9.64,1234885,11829921.000
02/20/2008,9.68,9.68,9.30,9.40,716607,6773908.500
02/21/2008,9.36,9.48,9.05,9.36,858740,7954962.500
02/22/2008,9.36,9.79,9.11,9.51,2692629,25677618.000
02/25/2008,9.65,9.78,9.11,9.25,1081917,10160152.000
02/26/2008,9.29,9.65,8.79,9.25,1035045,9412100.000
02/27/2008,9.51,9.51,9.08,9.36,1043101,9715604.000
02/28/2008,9.30,9.32,9.09,9.20,634193,5812624.500
02/29/2008,9.25,9.66,9.18,9.53,1917038,18266948.000
03/03/2008,9.66,10.01,9.50,9.93,2277110,22504830.000
03/04/2008,10.00,10.09,9.78,10.00,1186941,11797153.000
03/05/2008,9.90,10.18,9.77,10.12,1281647,12831758.000
03/06/2008,10.20,10.63,10.02,10.61,2839071,29512838.000
03/07/2008,10.45,10.99,10.21,10.36,1929763,20313516.000
03/10/2008,10.10,10.28,9.84,9.84,2022159,20007230.000
03/11/2008,9.74,9.97,9.60,9.95,408919,4003935.250
03/12/2008,10.03,10.03,9.65,9.71,529255,5228494.000
03/13/2008,9.50,10.20,9.50,9.74,1120752,11054989.000
03/17/2008,9.52,9.72,9.25,9.25,536214,4984857.500
03/18/2008,8.88,9.21,8.79,8.79,640780,5705192.500
03/19/2008,8.78,9.08,8.41,8.87,841793,7449867.000
03/20/2008,8.76,9.09,8.44,8.94,558280,4888019.500
03/21/2008,9.15,9.15,8.88,8.95,349490,3136899.250
03/24/2008,8.95,9.18,8.90,8.91,577302,5212091.000
03/25/2008,8.80,8.93,8.47,8.90,418456,3652090.750
03/26/2008,8.90,9.12,8.88,8.94,242390,2176099.750
03/27/2008,8.92,8.92,8.50,8.50,372680,3205035.250
03/28/2008,8.50,8.62,8.08,8.62,600838,4957768.000
03/31/2008,8.48,8.48,8.19,8.19,643873,5312031.000
04/01/2008,8.03,8.18,7.78,7.78,764600,6021982.000
04/02/2008,7.71,8.02,7.39,7.79,1752296,13399410.000
04/03/2008,7.44,7.78,7.40,7.60,578566,4343003.000
04/07/2008,7.50,7.98,7.30,7.90,713694,5585013.000
04/08/2008,7.90,8.06,7.77,8.00,299073,2378894.250
04/09/2008,8.01,8.05,7.72,7.80,420324,3319584.500
04/10/2008,7.70,8.02,7.70,8.00,278092,2205854.500
04/11/2008,8.15,8.40,7.92,8.40,1135924,9468033.000
04/14/2008,8.60,8.60,8.02,8.38,773702,6446163.500
04/15/2008,8.35,8.38,7.96,8.38,632440,5150218.500
04/16/2008,8.48,8.50,7.96,7.96,356096,2873873.000
04/17/2008,8.19,8.20,7.56,7.56,458390,3540567.750
04/18/2008,7.58,7.67,7.18,7.18,659525,4751858.000
04/21/2008,7.18,7.18,6.82,6.82,540145,3694709.000
04/22/2008,6.51,6.65,6.48,6.48,154700,1003579.000
04/23/2008,6.48,6.77,6.16,6.50,910157,5804458.500
04/24/2008,6.83,6.83,6.69,6.83,2131533,14484582.000
04/25/2008,6.81,7.17,6.70,6.90,1842625,12892916.000
04/28/2008,6.88,7.15,6.56,7.03,1061241,7392658.500
04/29/2008,7.10,7.16,6.82,7.07,569221,4021714.500
04/30/2008,7.08,7.27,7.07,7.25,1012954,7248106.000
05/05/2008,7.25,7.45,7.02,7.40,981864,7182103.000
05/06/2008,7.40,7.45,7.16,7.29,1019010,7455716.500
05/07/2008,7.30,7.30,6.93,6.93,758216,5366433.000
05/08/2008,6.81,7.27,6.81,7.08,824971,5796703.000
05/09/2008,7.07,7.14,6.80,7.05,860916,6017795.500
05/12/2008,6.97,7.30,6.78,7.22,1376657,9670307.000
05/13/2008,6.96,7.25,6.93,7.15,951281,6760063.000
05/14/2008,7.15,7.48,7.09,7.40,1261039,9194813.000
05/16/2008,7.29,7.44,7.03,7.10,544995,3887837.000
05/19/2008,7.03,7.14,6.99,7.11,319459,2256271.500
05/20/2008,7.11,7.12,6.75,6.75,793800,5461806.000
05/21/2008,6.60,7.09,6.41,6.95,2060279,13694516.000
05/22/2008,6.88,7.30,6.80,7.30,1717958,12274808.000
05/23/2008,7.29,7.35,7.10,7.25,509681,3675188.000
05/26/2008,7.21,7.21,6.98,7.03,333868,2353891.500
05/27/2008,7.13,7.13,6.90,7.02,212730,1487871.500
05/28/2008,7.07,7.24,6.94,7.11,399337,2833676.750
05/29/2008,7.15,7.37,7.05,7.09,416341,2996892.250
05/30/2008,7.15,7.17,6.88,6.91,336812,2357574.000
06/02/2008,6.89,7.26,6.85,7.18,1013445,7303782.000
06/03/2008,7.12,7.20,6.97,7.06,487931,3441098.250
06/04/2008,6.96,7.10,6.90,7.01,530016,3701163.750
06/05/2008,7.00,7.29,6.99,7.13,613529,4388351.000
06/06/2008,7.15,7.20,6.87,6.90,448785,3156310.250
06/10/2008,6.70,6.70,6.56,6.56,301500,1983578.000
06/11/2008,6.26,6.43,6.23,6.23,511981,3193868.500
06/12/2008,6.14,6.35,6.00,6.18,436818,2693886.750
06/13/2008,6.18,6.28,5.87,5.91,421002,2552779.750
06/16/2008,5.90,5.99,5.61,5.64,551192,3120863.000
06/17/2008,5.64,5.79,5.36,5.36,607500,3313023.000
06/18/2008,5.20,5.47,5.09,5.47,927288,4894300.000
06/19/2008,5.57,5.57,5.20,5.20,571400,3031902.000
06/20/2008,5.13,5.28,4.94,5.01,1116126,5593245.500
06/23/2008,4.77,5.04,4.76,4.76,588108,2826506.750
06/24/2008,4.75,4.90,4.57,4.78,621951,2948342.500
06/25/2008,4.67,5.02,4.62,5.02,774294,3858170.750
06/26/2008,5.00,5.19,4.95,5.10,866761,4417236.500
06/27/2008,4.95,5.08,4.85,4.85,716553,3498732.750
06/30/2008,4.80,4.80,4.62,4.74,255276,1203486.000
07/01/2008,4.74,4.79,4.53,4.66,258465,1216125.625
07/02/2008,4.63,4.89,4.62,4.74,233843,1121250.875
07/03/2008,4.80,4.98,4.60,4.91,520209,2556128.250
07/04/2008,4.91,5.09,4.84,5.02,419119,2085396.125
07/07/2008,5.02,5.27,4.90,5.20,413825,2124038.250
07/08/2008,5.15,5.30,5.15,5.21,331299,1726500.500
07/09/2008,5.22,5.40,5.17,5.30,549958,2898873.250
07/10/2008,5.26,5.39,5.20,5.26,433275,2303990.500
07/11/2008,5.22,5.29,5.06,5.13,288140,1485179.750
07/14/2008,5.13,5.39,5.04,5.39,543247,2878935.000
07/15/2008,5.41,5.47,5.19,5.25,420938,2243412.500
07/16/2008,5.20,5.22,4.99,4.99,228900,1156296.000
07/17/2008,5.09,5.24,4.96,5.24,556993,2897462.500
07/18/2008,5.24,5.50,5.24,5.47,1722175,9395219.000
07/21/2008,5.21,5.56,5.21,5.48,752300,4047323.000
07/22/2008,5.38,5.59,5.35,5.45,542531,2948774.500
07/23/2008,5.49,5.57,5.35,5.35,560629,3072255.000
07/24/2008,5.36,5.50,5.36,5.45,719292,3902463.750
07/25/2008,5.45,5.72,5.44,5.54,1588650,8942093.000
07/28/2008,5.62,5.74,5.48,5.66,1106139,6210734.500
07/29/2008,5.64,5.82,5.60,5.71,1351313,7707025.500
07/30/2008,5.75,6.00,5.72,5.97,2333640,13806992.000
07/31/2008,5.90,6.16,5.80,5.81,998562,5976588.000
08/01/2008,5.80,5.95,5.67,5.90,569811,3308578.750
08/04/2008,5.83,6.05,5.75,5.80,687217,4045707.250
08/05/2008,5.70,5.82,5.61,5.64,1048440,5996915.000
08/06/2008,5.66,5.84,5.65,5.80,500766,2876934.750
08/07/2008,5.72,5.97,5.72,5.97,480843,2827663.750
08/08/2008,5.98,5.98,5.67,5.75,609219,3530241.000
08/11/2008,5.70,5.70,5.46,5.46,535900,2940395.000
08/12/2008,5.22,5.22,5.19,5.19,225000,1168474.000
08/13/2008,4.95,5.35,4.93,5.18,618297,3087175.000
08/14/2008,4.95,5.30,4.92,5.14,232650,1183252.000
08/15/2008,5.08,5.30,5.05,5.15,210364,1089735.625
08/19/2008,5.39,5.39,4.91,5.00,937295,4868452.500
08/20/2008,4.80,5.25,4.80,5.25,1123606,5820015.500
08/21/2008,5.23,5.28,5.07,5.13,355800,1833108.000
08/22/2008,5.21,5.28,4.95,5.22,354253,1830989.750
08/25/2008,5.22,5.33,5.11,5.27,327500,1710846.500
08/26/2008,5.27,5.48,5.10,5.15,361500,1921248.625
08/27/2008,5.11,5.20,4.89,4.91,332550,1648861.000
08/28/2008,4.98,4.98,4.66,4.79,202304,960150.750
08/29/2008,4.70,4.98,4.56,4.84,492586,2332752.000
09/01/2008,4.79,4.79,4.60,4.60,324815,1504305.375
09/02/2008,4.55,4.75,4.39,4.62,421798,1923869.000
09/03/2008,4.61,4.74,4.53,4.62,239892,1119615.250
09/04/2008,4.56,4.70,4.55,4.60,124280,576817.000
09/05/2008,4.52,4.69,4.42,4.57,109773,498258.156
09/08/2008,4.39,4.55,4.37,4.48,235800,1052667.000
09/09/2008,4.64,4.65,4.35,4.50,93410,425909.313
09/10/2008,4.50,4.73,4.33,4.65,396425,1800539.750
09/11/2008,4.60,4.75,4.52,4.60,172152,798687.625
09/12/2008,4.52,4.59,4.48,4.55,79010,359044.406
09/16/2008,4.55,4.60,4.38,4.49,259590,1155454.875
09/17/2008,4.55,4.65,4.39,4.45,185700,835890.938
09/18/2008,4.30,4.42,4.23,4.25,251900,1072204.750
09/19/2008,4.41,4.46,4.30,4.46,2412052,10742176.000
09/22/2008,4.46,4.68,4.24,4.46,2019784,9083967.000
09/23/2008,4.45,4.45,4.24,4.24,775000,3314774.000
09/24/2008,4.03,4.26,4.03,4.23,1228093,5050361.000
09/25/2008,4.14,4.25,4.02,4.12,2640361,10752938.000
09/26/2008,4.12,4.12,3.94,3.98,990700,3980283.000
10/06/2008,3.91,3.91,3.78,3.78,664200,2514478.000
10/07/2008,3.59,3.67,3.59,3.59,858723,3098367.500
10/08/2008,3.56,3.70,3.47,3.66,939674,3359477.000
10/09/2008,3.73,3.73,3.54,3.55,428863,1550423.250
10/10/2008,3.50,3.50,3.37,3.37,149000,502576.000
10/13/2008,3.36,3.40,3.20,3.40,1167330,3770323.250
10/14/2008,3.45,3.53,3.33,3.39,814700,2774627.500
10/15/2008,3.32,3.41,3.22,3.29,389880,1278973.000
10/16/2008,3.26,3.26,3.13,3.13,302500,947795.000
10/17/2008,3.15,3.15,2.97,2.99,611295,1829557.375
10/20/2008,2.93,3.03,2.84,3.00,430454,1257485.000
10/21/2008,3.00,3.06,2.97,3.01,611378,1837538.375
10/22/2008,2.98,3.15,2.93,3.06,689523,2117150.250
10/23/2008,3.07,3.14,3.00,3.09,570125,1765067.250
10/24/2008,3.09,3.13,3.00,3.05,362500,1113065.375
10/27/2008,3.00,3.03,2.90,2.90,302200,882860.000
10/28/2008,2.76,2.95,2.76,2.90,690994,1939610.375
10/29/2008,2.91,2.98,2.82,2.86,352950,1014738.500
10/30/2008,2.77,2.88,2.72,2.81,312190,873793.313
10/31/2008,2.75,2.84,2.67,2.69,348322,939029.688
11/03/2008,2.60,2.82,2.60,2.78,551047,1529204.375
11/04/2008,2.78,2.86,2.76,2.78,505800,1423224.500
11/05/2008,2.85,2.92,2.81,2.89,295035,854034.125
11/06/2008,2.87,2.87,2.77,2.82,291687,816141.188
11/07/2008,2.73,2.93,2.68,2.91,223706,642159.313
11/10/2008,2.90,3.06,2.90,3.06,573160,1739579.125
11/11/2008,3.08,3.16,2.98,3.05,410074,1265519.625
11/12/2008,3.05,3.20,3.04,3.20,718223,2274544.750
11/13/2008,3.20,3.36,3.09,3.36,715604,2347242.250
11/14/2008,3.37,3.47,3.32,3.39,840676,2866633.750
11/17/2008,3.40,3.55,3.33,3.47,897523,3043372.250
11/18/2008,3.42,3.45,3.30,3.30,357558,1193078.500
11/19/2008,3.15,3.45,3.14,3.40,1028502,3316292.500
11/20/2008,3.25,3.50,3.23,3.46,1110071,3718201.250
11/21/2008,3.29,3.39,3.29,3.31,381443,1265134.000
11/24/2008,3.30,3.46,3.16,3.28,882532,2953121.750
11/25/2008,3.34,3.34,3.13,3.19,332201,1065385.125
11/26/2008,3.24,3.26,3.11,3.21,167600,537012.000
11/27/2008,3.37,3.37,3.23,3.24,451600,1494080.000
11/28/2008,3.25,3.26,3.14,3.16,405000,1291608.000
12/01/2008,3.10,3.23,3.10,3.20,590211,1880612.125
12/02/2008,3.18,3.33,3.11,3.28,990546,3193392.250
12/03/2008,3.21,3.36,3.21,3.36,1222217,4057011.250
12/04/2008,3.38,3.47,3.33,3.35,1243186,4231188.500
12/05/2008,3.33,3.44,3.32,3.40,706165,2382961.000
12/08/2008,3.40,3.57,3.40,3.57,1720804,6050204.500
12/09/2008,3.56,3.70,3.49,3.53,1557595,5599982.500
12/10/2008,3.51,3.71,3.51,3.71,1655793,6117183.500
12/11/2008,3.76,3.90,3.76,3.79,2504349,9581151.000
12/12/2008,3.72,3.72,3.60,3.60,994260,3604260.000
12/15/2008,3.55,3.65,3.43,3.50,1095971,3872532.500
12/16/2008,3.46,3.55,3.37,3.55,479887,1660405.625
12/17/2008,3.54,3.61,3.48,3.56,558144,1993268.000
12/18/2008,3.58,3.69,3.57,3.69,653077,2374778.250
12/19/2008,3.69,3.87,3.63,3.76,1278043,4807682.000
12/22/2008,3.77,3.95,3.71,3.86,2040662,7817146.500
12/23/2008,3.85,3.89,3.67,3.67,1140507,4245893.000
12/24/2008,3.63,3.63,3.50,3.57,724636,2585306.750
12/25/2008,3.60,3.74,3.55,3.66,606110,2209475.250
12/26/2008,3.66,3.75,3.66,3.73,694945,2583199.500
12/29/2008,3.74,3.80,3.54,3.64,832201,3061448.750
12/30/2008,3.65,3.69,3.50,3.56,1047315,3800828.500
12/31/2008,3.50,3.58,3.46,3.56,372090,1313518.500
01/05/2009,3.60,3.71,3.58,3.69,402726,1463987.500
01/06/2009,3.68,3.81,3.64,3.80,815691,3075169.000
01/07/2009,3.77,3.99,3.76,3.99,1290360,5053011.000
01/08/2009,3.99,4.19,3.92,4.19,2269224,9399869.000
01/09/2009,4.20,4.40,4.10,4.35,1190061,4964634.500
01/12/2009,4.27,4.38,4.17,4.26,924084,3936016.750
01/13/2009,4.16,4.29,4.05,4.05,892670,3679580.250
01/14/2009,4.00,4.13,3.91,4.10,494520,2001147.000
01/15/2009,4.05,4.16,4.03,4.08,555408,2279806.750
01/16/2009,4.11,4.17,4.04,4.10,418245,1725993.875
01/19/2009,4.16,4.30,4.07,4.10,365021,1518862.250
01/20/2009,4.00,4.13,3.96,4.12,329452,1342311.125
01/21/2009,4.00,4.16,4.00,4.14,409791,1676793.875
01/22/2009,4.16,4.30,4.08,4.20,557018,2322781.500
01/23/2009,4.21,4.33,4.13,4.21,635650,2691678.500
02/02/2009,4.30,4.35,4.20,4.30,1165555,4999782.500
02/03/2009,4.31,4.52,4.28,4.50,2031492,8988675.000
02/04/2009,4.46,4.62,4.40,4.58,1217246,5502306.000
02/05/2009,4.59,4.62,4.35,4.39,1801513,8024545.000
02/06/2009,4.37,4.49,4.30,4.49,1604263,7088278.500
02/09/2009,4.53,4.55,4.47,4.52,2115182,9522538.000
02/10/2009,4.52,4.69,4.47,4.65,1697886,7725036.000
02/11/2009,4.65,4.74,4.57,4.66,1844698,8586337.000
02/12/2009,4.65,4.70,4.43,4.61,1929616,8711982.000
02/13/2009,4.61,4.71,4.53,4.70,2118143,9833407.000
02/16/2009,4.70,4.94,4.68,4.94,2079478,10023401.000
02/17/2009,4.90,4.97,4.70,4.72,1726088,8340178.500
02/18/2009,4.65,4.83,4.52,4.59,1646135,7631490.500
02/19/2009,4.59,4.65,4.40,4.50,1075563,4878771.000
02/20/2009,4.48,4.65,4.43,4.63,970795,4398301.500
02/23/2009,4.63,4.86,4.57,4.86,2016801,9702658.000
02/24/2009,4.80,4.98,4.76,4.90,2137487,10434612.000
02/25/2009,4.89,4.95,4.68,4.92,2000280,9670804.000
02/26/2009,4.90,5.10,4.67,4.67,2077819,10184812.000
02/27/2009,4.48,4.66,4.44,4.44,2088100,9362163.000
03/02/2009,4.29,4.66,4.25,4.66,1157019,5274665.000
03/03/2009,4.59,4.89,4.51,4.89,2244361,10912879.000
03/04/2009,4.90,5.13,4.89,5.13,2209046,11262720.000
03/05/2009,5.18,5.38,5.00,5.09,2165913,11151087.000
03/06/2009,5.00,5.28,4.95,5.21,1322784,6874207.500
03/09/2009,5.30,5.32,5.05,5.15,1030887,5358487.000
03/10/2009,5.02,5.30,5.02,5.28,905787,4744215.500
03/11/2009,5.27,5.54,5.18,5.51,2380278,12899484.000
03/12/2009,5.54,5.74,5.41,5.65,2571113,14431345.000
03/13/2009,5.60,5.92,5.49,5.56,3876886,22244828.000
03/16/2009,5.42,5.68,5.28,5.44,2603167,13986988.000
03/17/2009,5.40,5.54,5.31,5.51,1767683,9657147.000
03/18/2009,5.50,5.58,5.40,5.43,2407090,13283666.000
03/19/2009,5.40,5.54,5.35,5.53,1490735,8166391.500
03/20/2009,5.53,5.62,5.43,5.53,1073045,5909721.000
03/23/2009,5.55,5.70,5.52,5.55,1445958,8118561.500
03/24/2009,5.58,5.83,5.58,5.67,2589862,14782437.000
03/25/2009,5.67,5.80,5.67,5.75,2330100,13396665.000
03/26/2009,5.75,5.82,5.55,5.75,2124654,12100141.000
03/27/2009,5.78,5.84,5.58,5.61,1841605,10388843.000
03/30/2009,5.61,5.70,5.60,5.65,978298,5508756.500
03/31/2009,5.60,5.60,5.37,5.51,1762909,9739226.000
04/01/2009,5.49,5.79,5.49,5.79,3444103,19567352.000
04/02/2009,5.86,5.99,5.58,5.61,4383968,25366284.000
04/03/2009,5.69,5.72,5.55,5.61,1212301,6812377.500
04/07/2009,5.65,5.69,5.55,5.68,1053569,5916344.500
04/08/2009,5.67,5.70,5.55,5.55,855707,4806269.000
04/09/2009,5.50,5.63,5.40,5.63,1567696,8682873.000
04/10/2009,5.73,5.81,5.63,5.71,2017658,11546339.000
04/13/2009,5.72,6.00,5.72,5.91,2436042,14294269.000
04/14/2009,5.92,6.20,5.73,6.11,2577332,15425797.000
04/15/2009,6.08,6.19,5.90,6.14,2081962,12681020.000
04/16/2009,6.14,6.14,5.90,6.00,1923213,11518078.000
04/17/2009,5.99,6.20,5.90,6.12,1561319,9456798.000
04/21/2009,6.01,6.43,5.91,6.36,4070971,25685524.000
04/22/2009,6.35,6.50,6.04,6.08,2464459,15462009.000
04/23/2009,5.92,6.08,5.82,6.04,1669121,9900806.000
04/24/2009,6.04,6.25,5.87,6.03,1007813,6073554.000
04/27/2009,6.04,6.10,5.78,5.82,1169188,6844619.000
04/28/2009,5.78,6.11,5.71,6.11,2088165,12508282.000
04/29/2009,6.12,6.18,6.00,6.10,1262506,7703764.500
04/30/2009,6.09,6.41,6.08,6.35,2309501,14568583.000
05/04/2009,6.46,6.67,6.42,6.67,3233854,21527382.000
05/05/2009,6.81,6.95,6.50,6.66,2956473,19821576.000
05/06/2009,6.60,6.76,6.51,6.75,1554682,10352444.000
05/07/2009,6.76,6.78,6.53,6.72,1101497,7335572.000
05/08/2009,6.68,6.99,6.66,6.95,1527254,10446604.000
05/11/2009,6.96,7.06,6.79,6.86,1563436,10827398.000
05/12/2009,6.86,7.20,6.70,7.20,2122905,15015370.000
05/14/2009,7.28,7.50,7.10,7.23,1890192,13725064.000
05/15/2009,7.24,7.44,7.22,7.33,1081695,7903599.000
05/18/2009,7.40,7.40,7.15,7.21,1552075,11205541.000
05/19/2009,7.21,7.52,7.20,7.26,2077557,15346854.000
05/20/2009,7.30,7.39,7.08,7.12,1612897,11578185.000
05/21/2009,7.10,7.23,6.76,6.96,1788868,12379637.000
05/22/2009,6.88,6.94,6.66,6.73,1493638,10147583.000
05/25/2009,6.50,6.78,6.45,6.69,2163409,14261746.000
05/26/2009,6.69,6.88,6.65,6.79,1244953,8429235.000
05/27/2009,6.86,6.86,6.69,6.80,1098934,7434191.500
06/01/2009,6.79,6.84,6.72,6.79,1213821,8230568.500
06/02/2009,6.80,6.95,6.68,6.87,1844159,12585545.000
06/03/2009,6.83,6.92,6.83,6.90,1211360,8340284.000
06/04/2009,6.90,7.18,6.86,7.02,1985353,13948855.000
06/05/2009,7.00,7.37,6.92,7.31,2885478,20926676.000
06/08/2009,7.40,7.68,7.38,7.68,3952718,29929254.000
06/09/2009,7.95,7.98,7.36,7.59,3192701,24315614.000
06/10/2009,7.65,7.70,7.40,7.53,1940253,14587233.000
06/11/2009,7.53,7.57,7.41,7.47,1379485,10334547.000
06/12/2009,7.47,7.68,7.40,7.44,1148121,8642288.000
06/15/2009,7.45,7.45,7.20,7.32,2257271,16451031.000
06/16/2009,7.27,7.65,7.17,7.52,2660746,19680512.000
06/17/2009,7.45,7.56,7.38,7.48,1347454,10088938.000
06/18/2009,7.45,7.61,7.45,7.53,1635117,12286480.000
06/19/2009,7.61,7.91,7.42,7.91,3741911,28959590.000
06/22/2009,8.08,8.08,7.63,7.66,1966823,15306864.000
06/23/2009,7.56,7.77,7.46,7.60,914617,6950597.500
06/24/2009,7.56,7.98,7.56,7.84,5329625,42321276.000
06/25/2009,7.69,7.96,7.62,7.88,2472830,19218984.000
06/26/2009,7.89,7.95,7.77,7.84,805082,6303670.000
06/29/2009,7.77,8.23,7.77,8.01,2008676,16136030.000
06/30/2009,8.06,8.30,7.99,8.09,2060722,16772558.000
07/01/2009,8.09,8.15,7.92,8.14,1783897,14340313.000
07/02/2009,8.14,8.14,7.96,8.05,1426822,11450724.000
07/03/2009,8.00,8.40,7.93,8.27,2389841,19647294.000
07/06/2009,8.27,8.45,8.16,8.21,2344901,19444236.000
07/07/2009,8.23,8.30,8.05,8.12,2712174,22071758.000
07/08/2009,8.12,8.34,8.10,8.21,2089737,17138524.000
07/09/2009,8.20,8.28,8.15,8.21,1535016,12633047.000
07/10/2009,8.27,8.37,8.19,8.31,1547324,12805146.000
07/13/2009,8.21,8.60,8.15,8.42,2372136,19765734.000
07/14/2009,8.45,8.74,8.35,8.59,2011291,17140586.000
07/15/2009,8.53,8.84,8.53,8.61,1853264,16100451.000
07/16/2009,8.62,8.67,8.50,8.60,1099875,9419607.000
07/17/2009,8.60,8.83,8.54,8.62,2081042,17975976.000
07/20/2009,8.60,8.85,8.59,8.77,1853420,16251439.000
07/21/2009,8.83,8.94,8.65,8.68,2028524,17870390.000
07/22/2009,8.61,8.80,8.48,8.58,2197794,18935792.000
07/23/2009,8.58,8.70,8.49,8.66,1074042,9217788.000
07/24/2009,8.66,8.70,8.23,8.29,2166023,18225142.000
07/27/2009,8.20,8.51,8.20,8.40,1648266,13791649.000
07/28/2009,8.41,8.47,8.27,8.41,1031639,8617861.000
07/29/2009,8.39,8.39,7.99,7.99,1663960,13611082.000
07/30/2009,7.92,7.96,7.59,7.84,3731001,28656742.000
07/31/2009,7.85,7.97,7.70,7.97,1637283,12921746.000
08/03/2009,8.00,8.00,7.83,7.99,1947461,15389645.000
08/04/2009,7.98,8.07,7.80,8.06,1568613,12441754.000
08/05/2009,8.05,8.15,7.91,8.08,1328046,10668186.000
08/06/2009,8.04,8.25,7.85,8.12,1685369,13534851.000
08/07/2009,8.15,8.30,8.05,8.19,1547383,12651413.000
08/10/2009,8.14,8.60,8.14,8.60,3802807,32397972.000
08/11/2009,8.55,8.85,8.41,8.42,1920937,16498909.000
08/12/2009,8.38,8.50,8.00,8.00,1531700,12438147.000
08/13/2009,7.71,7.82,7.60,7.61,1618627,12389379.000
08/14/2009,7.55,7.91,7.23,7.23,1163740,8751411.000
08/17/2009,7.15,7.15,6.87,6.87,881999,6076682.000
08/18/2009,6.60,6.75,6.53,6.73,2858671,18774568.000
08/19/2009,6.61,6.85,6.39,6.39,1069384,7094928.500
08/20/2009,6.39,6.66,6.28,6.57,1019288,6591246.000
08/21/2009,6.54,6.70,6.50,6.70,672315,4452167.500
08/24/2009,6.73,6.94,6.60,6.85,1577379,10742612.000
08/25/2009,6.90,6.92,6.52,6.73,1092207,7365710.500
08/26/2009,6.70,6.98,6.59,6.88,960564,6590053.500
08/27/2009,6.91,7.22,6.77,7.22,1699620,12054725.000
08/28/2009,7.22,7.22,6.90,7.13,1263360,8926846.000
08/31/2009,7.01,7.01,6.77,6.77,1096300,7468584.500
09/01/2009,6.48,6.80,6.48,6.52,778500,5150271.000
09/02/2009,6.58,6.69,6.52,6.58,428499,2828360.500
09/03/2009,6.60,6.87,6.52,6.84,660379,4458539.000
09/04/2009,6.89,7.11,6.77,7.08,1051588,7372150.500
09/07/2009,7.10,7.29,7.09,7.22,1565733,11269431.000
09/08/2009,7.14,7.58,7.03,7.58,2231398,16359626.000
09/09/2009,7.60,7.96,7.60,7.96,4697223,37308236.000
09/10/2009,8.00,8.36,7.90,8.36,3683730,30648372.000
09/18/2009,7.94,8.56,7.94,8.12,4217742,34042720.000
09/21/2009,7.85,8.08,7.71,8.07,4447888,34759116.000
09/22/2009,8.15,8.25,7.90,8.18,1902912,15534471.000
09/23/2009,8.00,8.50,8.00,8.50,1886255,15725090.000
09/24/2009,8.48,8.48,8.09,8.12,1211008,9992396.000
09/25/2009,8.15,8.30,7.92,7.93,1409830,11458868.000
09/28/2009,7.92,8.05,7.77,7.88,852613,6692252.000
09/29/2009,7.90,7.95,7.58,7.68,518563,3995354.500
09/30/2009,7.65,8.06,7.65,8.06,924066,7369127.500
10/09/2009,8.19,8.30,8.01,8.22,622756,5091845.500
10/12/2009,8.24,8.36,8.05,8.30,1155732,9520904.000
10/13/2009,8.27,8.37,8.19,8.35,720300,5994494.000
10/14/2009,8.35,8.77,8.35,8.58,1772859,15402541.000
10/15/2009,8.51,8.69,8.29,8.30,952600,7999624.000
10/16/2009,8.30,8.42,8.26,8.36,435774,3622755.750
10/19/2009,8.33,8.52,8.23,8.51,684619,5769673.000
10/20/2009,8.52,8.68,8.46,8.54,690901,5903563.000
10/21/2009,8.50,8.70,8.45,8.70,1125887,9683821.000
10/22/2009,8.80,8.86,8.62,8.70,946532,8259404.000
10/23/2009,8.70,9.13,8.67,8.92,1435506,12813442.000
10/26/2009,8.71,9.29,8.71,9.23,2151943,19497866.000
10/27/2009,9.20,9.59,9.04,9.21,1737318,16236581.000
10/28/2009,9.20,9.40,8.75,8.88,1674710,15018741.000
10/29/2009,8.85,8.95,8.55,8.77,1751425,15311544.000
10/30/2009,8.86,9.21,8.77,8.93,1272545,11526657.000
11/02/2009,8.74,9.35,8.74,9.19,1036070,9534411.000
11/03/2009,9.10,9.40,9.10,9.23,1206476,11195923.000
11/04/2009,9.29,9.40,9.20,9.25,594433,5537829.000
11/05/2009,9.25,9.71,9.25,9.63,2912168,28126024.000
11/06/2009,9.62,9.90,9.52,9.65,871780,8484799.000
11/09/2009,10.13,10.13,9.66,10.00,4320935,43259308.000
02/11/2010,9.50,9.94,9.50,9.50,3714043,35341780.000
02/12/2010,9.10,9.34,9.03,9.17,3212676,29186304.000
02/22/2010,9.09,9.30,8.82,9.22,2481310,22488108.000
02/23/2010,9.10,9.22,8.88,9.10,1790455,16210683.000
02/24/2010,9.10,9.45,9.02,9.40,1311133,12122388.000
02/25/2010,9.44,9.87,9.35,9.87,2814377,27243276.000
02/26/2010,9.96,10.36,9.87,10.36,2127937,21673022.000
03/01/2010,10.62,10.88,10.60,10.88,1678906,18214460.000
03/02/2010,10.95,11.42,10.95,11.42,5131644,58441340.000
03/03/2010,11.38,11.41,11.00,11.28,3160886,35474656.000
03/04/2010,11.21,11.46,11.00,11.18,1961496,22160806.000
03/05/2010,11.03,11.20,10.63,10.90,2021149,22052546.000
03/08/2010,10.96,11.45,10.85,11.45,2113375,24114454.000
03/09/2010,11.80,12.02,11.60,12.02,2771543,33030476.000
03/10/2010,12.23,12.55,11.72,11.90,3787156,46500676.000
03/11/2010,11.80,12.50,11.80,12.20,1816978,22254440.000
03/12/2010,12.20,12.20,11.59,11.60,2170711,25551490.000
03/15/2010,11.60,11.61,11.21,11.30,1420698,16118830.000
03/16/2010,11.30,11.84,11.30,11.56,1018473,11781934.000
03/17/2010,11.55,11.75,11.10,11.55,1278257,14773315.000
03/18/2010,11.62,11.75,11.39,11.45,1186270,13654239.000
03/19/2010,11.44,11.58,11.34,11.35,2061864,23484040.000
03/22/2010,11.37,11.49,11.05,11.47,3231127,36340240.000
03/23/2010,11.45,11.45,11.25,11.32,1457817,16501492.000
03/24/2010,11.32,11.46,11.26,11.32,1142939,12972120.000
03/25/2010,11.32,11.34,10.91,11.00,1408581,15661348.000
03/26/2010,10.90,11.25,10.79,11.17,1204692,13256835.000
03/29/2010,11.20,11.35,11.10,11.29,1306357,14615953.000
03/30/2010,11.29,11.38,11.20,11.38,1503893,16960524.000
04/01/2010,11.42,11.48,11.16,11.42,4020114,45390188.000
04/02/2010,11.42,11.58,11.32,11.35,2796441,31957822.000
04/06/2010,11.37,11.57,11.36,11.45,2549878,29206454.000
04/07/2010,11.46,11.73,11.46,11.66,4730439,55034140.000
04/08/2010,11.68,11.80,11.48,11.50,2689904,31111392.000
04/09/2010,11.50,11.92,11.50,11.83,3239216,37887780.000
04/12/2010,11.95,12.39,11.92,12.37,3479258,42356480.000
04/13/2010,12.35,12.60,11.75,12.35,3610457,43671436.000
04/14/2010,12.35,12.38,12.03,12.20,1936339,23551656.000
04/15/2010,12.05,12.29,11.89,12.03,1526766,18429098.000
04/16/2010,11.83,12.09,11.78,11.95,812400,9725239.000
04/19/2010,11.76,11.87,11.40,11.42,2137488,24976738.000
04/20/2010,11.41,11.54,11.00,11.41,1318009,14754316.000
04/21/2010,11.37,11.91,11.37,11.86,1693997,19757324.000
04/22/2010,11.88,12.07,11.69,11.74,2032290,24103226.000
04/23/2010,11.77,11.78,11.15,11.15,2317106,26532228.000
04/26/2010,11.15,11.38,10.80,10.81,1925827,21135966.000
04/27/2010,10.60,11.07,10.53,10.87,1925343,20786242.000
04/28/2010,10.66,11.12,10.66,11.05,875331,9583530.000
04/29/2010,11.01,11.17,10.90,10.90,730938,8093310.500
04/30/2010,10.89,10.90,10.36,10.36,1032699,10750444.000
05/04/2010,10.01,10.19,9.84,9.87,1439427,14325169.000
05/05/2010,9.62,10.34,9.62,10.20,1421231,14424483.000
05/06/2010,10.08,10.29,9.80,9.98,1146683,11442930.000
05/07/2010,9.70,10.08,9.69,9.96,627935,6247589.000
05/10/2010,9.96,10.04,9.60,9.86,528291,5186789.500
05/11/2010,9.97,10.10,9.82,9.83,1068744,10612364.000
05/12/2010,9.80,9.87,9.40,9.54,772640,7445426.500
05/14/2010,9.65,9.82,9.54,9.70,542861,5266585.500
05/17/2010,9.55,9.70,9.22,9.22,556901,5246115.500
05/18/2010,9.18,9.35,8.76,8.94,1853179,16358031.000
05/19/2010,8.94,9.08,8.55,8.89,921972,8184052.000
05/20/2010,8.98,8.98,8.45,8.45,793583,6817480.500
05/21/2010,8.22,8.45,8.03,8.40,1903866,15493947.000
05/24/2010,8.32,8.82,8.25,8.82,1194437,10419075.000
05/25/2010,8.81,8.86,8.57,8.71,1015510,8840090.000
05/26/2010,8.66,8.82,8.63,8.75,838646,7324178.500
05/27/2010,8.75,9.16,8.70,9.08,1003885,9012627.000
05/31/2010,9.50,9.52,9.00,9.00,1387839,12906018.000
06/01/2010,8.75,9.12,8.69,8.86,830950,7347267.500
06/02/2010,8.76,8.88,8.52,8.86,726256,6312036.500
06/03/2010,8.88,9.30,8.88,9.01,853600,7804526.500
06/04/2010,9.00,9.20,8.81,9.20,616850,5612501.000
06/07/2010,9.16,9.16,8.90,9.04,643965,5809027.000
06/08/2010,8.98,9.35,8.98,9.14,459715,4204716.000
06/09/2010,9.14,9.49,9.14,9.45,1296938,12114706.000
06/10/2010,9.39,9.67,9.26,9.50,678495,6455510.000
06/11/2010,9.50,9.58,9.45,9.50,574691,5465743.500
06/17/2010,9.72,9.72,9.50,9.57,881256,8450908.000
06/18/2010,9.45,9.56,9.20,9.36,665515,6214867.000
06/21/2010,9.36,9.50,9.14,9.50,499158,4687778.500
06/22/2010,9.49,9.53,9.30,9.39,877219,8248855.000
06/23/2010,9.38,9.43,9.26,9.35,393699,3681005.750
06/24/2010,9.35,9.49,9.30,9.41,607949,5707662.500
06/25/2010,9.30,9.40,9.20,9.31,317328,2957870.500
06/28/2010,9.28,9.29,9.15,9.25,277344,2555701.250
06/29/2010,9.20,9.20,8.79,8.79,631600,5615966.000
06/30/2010,8.70,8.70,8.35,8.43,571816,4813011.000
07/01/2010,8.18,8.52,8.11,8.38,194652,1629691.000
07/02/2010,8.34,8.48,7.96,8.30,874701,7075060.000
07/05/2010,8.26,8.26,8.02,8.23,410340,3338093.750
07/06/2010,8.21,8.42,8.16,8.38,323210,2699178.500
07/07/2010,8.43,8.60,8.39,8.59,874760,7438441.000
07/08/2010,8.58,8.60,8.38,8.55,370200,3144619.250
07/09/2010,8.57,8.82,8.50,8.71,518290,4495555.500
07/12/2010,8.62,8.96,8.62,8.83,474660,4192944.750
07/13/2010,8.78,8.80,8.47,8.68,400270,3437877.500
07/14/2010,8.60,8.84,8.60,8.82,423414,3698409.250
07/15/2010,8.88,8.88,8.60,8.64,559603,4921229.000
07/16/2010,8.62,8.77,8.51,8.76,432877,3750459.750
07/19/2010,8.65,9.14,8.65,9.07,707845,6320491.500
07/20/2010,9.07,9.18,9.00,9.16,679987,6198895.000
07/21/2010,9.12,9.18,9.09,9.13,500298,4563911.500
07/22/2010,9.11,9.54,9.11,9.50,1814337,17064004.000
07/23/2010,9.51,9.59,9.45,9.57,825821,7878177.500
07/26/2010,9.51,9.74,9.46,9.57,449300,4288720.000
07/27/2010,9.56,9.60,9.46,9.56,482158,4605215.000
07/28/2010,9.52,9.66,9.35,9.63,1184250,11331498.000
07/29/2010,9.65,9.67,9.50,9.61,800390,7676182.000
07/30/2010,9.66,9.68,9.43,9.63,674140,6460719.000
08/02/2010,9.63,9.83,9.60,9.81,1118499,10876109.000
08/03/2010,9.80,9.85,9.63,9.65,803895,7809444.500
08/04/2010,9.64,9.64,9.36,9.62,796833,7581016.500
08/05/2010,9.63,9.76,9.50,9.68,494842,4768984.000
08/06/2010,9.70,9.84,9.58,9.79,902719,8768966.000
08/09/2010,9.83,10.28,9.80,10.28,2575614,26319754.000
08/10/2010,10.29,10.49,10.00,10.01,1582719,16145364.000
08/11/2010,10.08,10.29,9.99,10.17,741998,7475754.000
08/12/2010,10.08,10.09,9.88,9.89,1043988,10400169.000
08/13/2010,9.80,10.09,9.80,10.08,784231,7836232.500
08/16/2010,10.08,10.37,10.02,10.32,809946,8309418.000
08/17/2010,10.31,10.40,10.24,10.27,799320,8226983.000
08/18/2010,10.24,10.38,10.08,10.36,1149655,11811750.000
08/19/2010,10.39,10.57,10.35,10.54,1231879,12887315.000
08/20/2010,10.57,11.07,10.45,10.49,2233375,23940438.000
08/23/2010,10.52,10.79,10.42,10.63,1144186,12155084.000
08/24/2010,10.60,10.95,10.52,10.82,1221820,13150516.000
08/25/2010,10.73,11.36,10.73,10.98,2670611,29762166.000
08/26/2010,11.03,11.53,10.90,11.49,2292178,26017368.000
08/27/2010,11.40,11.67,11.33,11.45,1418807,16272425.000
08/30/2010,11.45,11.56,11.38,11.49,1752916,20101984.000
08/31/2010,11.49,11.49,11.25,11.31,2079300,23598212.000
09/01/2010,11.27,11.37,10.82,10.97,1373907,15248742.000
09/02/2010,11.00,11.17,10.95,11.17,1339049,14791088.000
09/03/2010,11.20,11.28,10.90,11.25,946017,10543867.000
09/06/2010,11.28,11.31,11.07,11.12,1246462,13899419.000
09/07/2010,11.19,11.19,11.01,11.17,894184,9922261.000
09/08/2010,11.24,11.39,11.08,11.31,919692,10345260.000
09/09/2010,11.32,11.80,11.20,11.34,1740273,19920940.000
09/10/2010,11.45,11.74,11.25,11.59,1594691,18381412.000
09/13/2010,11.65,11.72,11.57,11.64,1342370,15634474.000
09/14/2010,11.63,11.63,11.35,11.45,970427,11118963.000
09/15/2010,11.50,11.54,11.26,11.26,918660,10485084.000
09/16/2010,11.30,11.34,10.88,11.04,1122470,12500930.000
09/17/2010,11.04,11.33,10.96,11.13,828569,9229228.000
09/20/2010,11.13,11.22,11.01,11.11,552929,6140034.500
09/21/2010,11.15,11.32,11.05,11.20,783498,8791819.000
09/27/2010,11.23,11.52,11.23,11.47,1877911,21477130.000
09/28/2010,11.43,11.77,11.38,11.46,1048293,12063754.000
09/29/2010,11.55,11.64,11.41,11.45,1244138,14323537.000
09/30/2010,11.40,11.45,11.30,11.39,815162,9256895.000
10/08/2010,11.55,11.57,11.32,11.44,1213758,13874754.000
10/11/2010,11.40,11.48,11.30,11.45,1690002,19279446.000
10/12/2010,11.33,11.40,11.20,11.29,1476200,16678796.000
10/13/2010,11.13,11.41,11.13,11.25,1442300,16189240.000
10/14/2010,11.20,11.34,10.78,10.85,1872698,20660718.000
10/15/2010,10.78,11.02,10.60,10.84,1233757,13451100.000
10/18/2010,10.70,10.89,10.33,10.48,1222296,12873904.000
10/19/2010,10.52,10.79,10.44,10.76,812225,8657933.000
10/20/2010,10.62,11.05,10.60,10.81,988608,10772618.000
10/21/2010,11.35,11.35,11.35,11.35,626103,7106269.000
10/22/2010,11.92,11.92,11.92,11.92,375811,4479667.000
10/25/2010,12.52,12.52,11.88,11.91,4264047,51607908.000
10/26/2010,11.91,12.17,11.69,12.06,2024359,24243702.000
10/27/2010,12.06,12.40,12.01,12.17,1634718,19904466.000
10/28/2010,12.28,12.28,11.88,11.94,901512,10848205.000
10/29/2010,11.91,12.07,11.91,12.01,707185,8459072.000
11/01/2010,12.04,12.16,11.81,11.95,2466661,29545518.000
11/02/2010,11.90,12.14,11.88,11.96,1550421,18650342.000
11/03/2010,11.95,12.28,11.83,12.09,1375261,16631494.000
11/04/2010,12.02,12.69,12.02,12.69,2786477,34631456.000
11/05/2010,12.78,13.09,12.62,12.68,2320289,29786962.000
11/08/2010,12.68,13.30,12.60,13.22,1842848,24087602.000
11/09/2010,13.25,13.88,13.20,13.85,2563421,34857812.000
11/10/2010,13.85,13.95,13.38,13.55,2283429,31112060.000
11/11/2010,13.45,13.69,13.20,13.20,1544218,20744468.000
11/12/2010,13.20,13.40,12.54,12.54,2360841,30128740.000
11/15/2010,12.59,12.93,12.30,12.86,1448390,18249426.000
11/16/2010,12.80,13.10,12.22,12.32,1690030,21385198.000
11/17/2010,12.10,12.32,11.70,11.71,1966112,23630486.000
11/18/2010,11.73,12.05,11.73,12.03,991518,11816231.000
11/19/2010,12.12,12.29,11.89,12.25,841675,10183741.000
11/22/2010,12.18,12.68,12.10,12.49,1199268,14959158.000
11/23/2010,12.57,12.78,12.13,12.36,955347,11744443.000
11/24/2010,12.35,12.53,12.26,12.51,917738,11410470.000
11/25/2010,12.51,12.76,12.51,12.62,825031,10448093.000
11/26/2010,12.62,12.99,12.56,12.74,1188382,15203666.000
11/29/2010,12.74,13.34,12.70,13.22,1436571,18845432.000
11/30/2010,13.15,13.37,12.56,12.86,1764701,22679026.000
12/01/2010,12.75,12.86,12.50,12.68,979068,12412616.000
12/02/2010,12.80,12.85,12.50,12.66,818731,10408426.000
12/03/2010,12.65,12.76,12.32,12.52,659649,8259573.000
12/06/2010,12.57,12.57,12.13,12.32,759938,9389200.000
12/07/2010,12.25,12.44,12.10,12.42,454081,5587716.500
12/08/2010,12.44,12.69,12.35,12.65,951778,11953773.000
12/09/2010,12.65,12.65,12.32,12.34,558020,6960980.000
12/10/2010,12.20,12.46,12.10,12.38,371023,4580846.000
12/13/2010,12.46,12.69,12.46,12.56,958427,12056232.000
12/14/2010,12.71,12.80,12.48,12.74,846852,10687715.000
12/15/2010,12.74,12.87,12.67,12.74,851812,10878882.000
12/16/2010,12.73,12.84,12.60,12.66,580769,7394877.500
12/17/2010,12.70,12.71,12.51,12.61,542230,6837027.000
12/20/2010,12.67,12.73,12.14,12.46,638461,7951648.500
12/21/2010,12.60,12.69,12.45,12.69,698196,8796415.000
12/22/2010,12.69,12.71,12.50,12.50,482761,6083396.000
12/23/2010,12.61,12.61,12.20,12.23,1002649,12342522.000
12/24/2010,12.18,12.31,11.94,12.06,607836,7340285.500
12/27/2010,12.01,12.20,11.62,11.70,552701,6627059.500
12/28/2010,11.70,11.70,11.12,11.53,507365,5821057.000
12/29/2010,11.51,11.61,11.41,11.60,296200,3408688.750
12/30/2010,11.66,11.79,11.51,11.74,254919,2984113.000
12/31/2010,11.67,12.18,11.67,12.04,389354,4671646.500
01/04/2011,12.14,12.18,12.03,12.09,446679,5407643.000
01/05/2011,12.10,12.20,12.06,12.08,444697,5387982.000
01/06/2011,12.05,12.17,12.04,12.11,417390,5041322.000
01/07/2011,12.16,12.25,12.06,12.21,477104,5823024.500
01/10/2011,12.11,12.24,11.90,11.95,296662,3590526.750
01/11/2011,11.94,12.01,11.74,12.01,318538,3774046.000
01/12/2011,12.01,12.10,11.91,12.09,228257,2744737.500
01/13/2011,12.10,12.35,12.10,12.35,527228,6456603.000
01/14/2011,12.34,12.39,12.10,12.35,467811,5722808.500
01/17/2011,12.33,12.36,12.03,12.24,711390,8683046.000
01/18/2011,12.05,12.20,12.00,12.19,327851,3963142.750
01/19/2011,12.19,12.34,12.07,12.34,664568,8161718.500
01/20/2011,12.35,12.96,12.28,12.59,2067620,26325008.000
01/21/2011,12.50,12.70,12.26,12.59,819813,10191668.000
01/24/2011,12.59,13.06,12.37,12.40,1791181,22840524.000
01/25/2011,12.30,12.65,12.00,12.10,1212301,14937543.000
01/26/2011,12.00,12.18,11.73,11.91,746746,8889508.000
01/27/2011,11.98,12.20,11.89,12.07,623664,7507689.500
01/28/2011,12.06,12.12,11.96,12.06,479983,5775271.000
01/31/2011,12.06,12.23,11.90,12.15,476641,5785160.000
02/01/2011,12.10,12.35,12.10,12.34,508759,6239875.500
02/09/2011,12.34,12.49,12.31,12.49,679746,8443783.000
02/10/2011,12.60,12.62,12.41,12.59,709685,8905304.000
02/11/2011,12.66,12.95,12.59,12.80,2071487,26497764.000
02/14/2011,12.84,12.85,12.60,12.78,1387314,17645472.000
02/15/2011,12.78,12.84,12.66,12.76,1010636,12896996.000
02/16/2011,12.65,12.87,12.54,12.87,1157689,14728467.000
02/17/2011,12.87,12.99,12.75,12.97,1482427,19083612.000
02/18/2011,12.98,13.22,12.83,12.87,1615132,21046420.000
02/21/2011,12.80,12.99,12.73,12.91,1316531,16955454.000
02/22/2011,12.91,13.35,12.84,13.02,2118128,27750488.000
02/23/2011,12.98,13.10,12.86,13.07,1066173,13825998.000
02/24/2011,13.06,13.44,12.92,13.31,1933258,25592972.000
02/25/2011,13.24,13.46,13.11,13.43,1426348,19012348.000
02/28/2011,13.54,13.98,13.54,13.75,2256179,31012372.000
03/01/2011,13.70,14.44,13.57,14.33,2592005,36653264.000
03/02/2011,14.15,14.69,14.03,14.54,2335913,33786304.000
03/03/2011,14.55,14.60,13.82,13.89,2007986,28484528.000
03/04/2011,13.85,14.05,13.65,13.95,1153265,16076310.000
03/07/2011,14.10,14.30,14.00,14.05,1202056,16964606.000
03/08/2011,14.17,14.17,13.80,13.91,1068875,14828080.000
03/09/2011,13.90,13.97,13.70,13.92,1293294,17872744.000
03/10/2011,13.92,13.92,13.63,13.75,972120,13344472.000
03/11/2011,13.56,13.87,13.56,13.75,630843,8691560.000
03/14/2011,13.74,13.99,13.45,13.94,1473623,20199580.000
03/15/2011,13.92,14.23,13.62,14.20,1611567,22588350.000
03/16/2011,14.19,14.26,14.03,14.20,980120,13881104.000
03/17/2011,14.11,14.18,13.74,13.85,884043,12317194.000
03/18/2011,13.90,13.99,13.77,13.90,466474,6482662.500
03/21/2011,13.89,13.89,13.59,13.64,779254,10653077.000
03/22/2011,13.60,13.72,13.55,13.66,537740,7323146.000
03/23/2011,13.66,13.84,13.58,13.76,474340,6524630.000
03/24/2011,13.75,13.89,13.68,13.83,531085,7331004.000
03/25/2011,13.78,14.23,13.78,14.15,906531,12765459.000
03/28/2011,14.24,14.25,14.07,14.12,882884,12488478.000
03/29/2011,14.08,14.15,13.62,13.65,1101756,15236987.000
03/30/2011,13.66,13.78,13.20,13.25,1089933,14753488.000
03/31/2011,13.35,13.40,13.14,13.18,712393,9442851.000
04/01/2011,13.28,13.45,13.20,13.40,452281,6037892.000
04/06/2011,13.42,13.57,13.30,13.42,628859,8458723.000
04/07/2011,13.50,13.62,13.42,13.52,527255,7130362.000
04/08/2011,13.50,13.73,13.26,13.68,677470,9155357.000
04/11/2011,13.69,14.04,13.61,13.82,1109044,15314981.000
04/12/2011,13.79,13.94,13.66,13.94,692909,9543024.000
04/13/2011,13.93,14.15,13.86,14.08,1274537,17909474.000
04/14/2011,14.08,14.08,13.80,13.89,766094,10666904.000
04/15/2011,13.89,13.98,13.76,13.88,505191,7014588.500
04/18/2011,13.87,14.07,13.80,13.98,1189169,16643370.000
04/19/2011,14.03,14.10,13.85,13.96,1069366,14944915.000
04/20/2011,13.96,14.66,13.96,14.48,3547166,51550508.000
04/21/2011,14.47,14.53,14.15,14.22,1855529,26637878.000
04/22/2011,14.22,14.69,14.22,14.43,1699957,24640534.000
04/25/2011,14.43,14.43,13.71,13.71,1599992,21987690.000
04/26/2011,13.19,13.45,13.02,13.02,1493488,19617536.000
04/27/2011,13.02,13.40,12.97,13.02,981314,12967770.000
04/28/2011,13.27,13.27,12.37,12.37,1128345,14272406.000
04/29/2011,12.35,12.67,12.30,12.55,609733,7635055.500
05/03/2011,12.65,12.96,12.57,12.89,534269,6862959.500
05/04/2011,12.92,13.08,12.64,12.96,627193,8084089.000
05/05/2011,12.90,13.08,12.72,12.96,479720,6203859.500
05/06/2011,12.83,13.10,12.50,13.08,1023616,13141542.000
05/09/2011,12.95,13.18,12.91,13.10,563899,7370189.000
05/10/2011,13.05,13.34,13.00,13.28,793469,10502289.000
05/11/2011,13.21,13.48,13.18,13.43,720793,9637639.000
05/12/2011,13.44,13.80,13.44,13.58,1123491,15355770.000
05/16/2011,13.49,13.61,12.92,13.13,1469029,19321892.000
05/17/2011,13.06,13.13,12.81,13.08,831813,10776069.000
05/18/2011,13.02,13.16,12.93,13.10,580623,7581635.000
05/19/2011,13.10,13.20,13.01,13.20,485089,6369849.000
05/20/2011,13.20,13.25,13.02,13.25,377816,4966536.000
05/23/2011,13.23,13.30,12.59,12.60,844183,10762460.000
05/24/2011,12.60,12.75,11.97,12.75,851978,10468503.000
05/25/2011,12.60,12.84,12.36,12.55,399765,5062285.500
05/26/2011,12.64,12.73,12.24,12.40,693133,8568303.000
05/27/2011,12.25,12.52,12.13,12.42,1033436,12695975.000
05/30/2011,12.32,12.32,12.00,12.13,361345,4379747.000
05/31/2011,12.10,12.28,11.90,12.28,675337,8149552.500
06/01/2011,12.02,12.55,12.02,12.47,743564,9225621.000
06/02/2011,12.33,12.36,12.04,12.28,442620,5400869.000
06/03/2011,12.28,12.81,12.24,12.77,1202776,15086099.000
06/08/2011,14.05,14.05,14.05,14.05,2508980,35251168.000
06/09/2011,14.80,15.46,14.60,15.46,24259262,369378240.000
06/10/2011,15.06,15.36,13.91,14.16,20177927,292416320.000
06/13/2011,13.65,14.03,13.20,13.81,10996838,149480928.000
06/14/2011,13.55,14.44,13.49,14.14,11478412,161630240.000
06/15/2011,13.90,13.99,13.21,13.42,10030557,136551632.000
06/16/2011,13.10,13.10,12.26,12.44,8852354,111709120.000
06/17/2011,12.33,12.67,12.08,12.42,5693863,70596720.000
06/20/2011,12.26,12.46,11.54,11.70,6024763,72236096.000
06/21/2011,11.68,11.89,11.37,11.85,6506613,75715104.000
06/22/2011,11.80,12.18,11.65,11.88,6775783,80840648.000
06/23/2011,11.84,12.00,11.50,11.89,4771927,55977508.000
06/24/2011,11.76,12.18,11.71,12.01,6330535,75990136.000
06/27/2011,11.92,12.32,11.92,12.22,5740981,69647824.000
06/28/2011,12.13,12.20,11.97,12.09,4497395,54278044.000
06/29/2011,12.12,12.64,12.10,12.16,6393530,78953984.000
06/30/2011,12.15,12.29,11.80,12.27,4862721,58659276.000
07/01/2011,12.26,12.48,12.19,12.33,4634629,57084712.000
07/04/2011,12.30,12.50,12.17,12.41,6014893,74206720.000
07/05/2011,12.44,12.58,12.31,12.53,5877428,73151896.000
07/06/2011,12.44,12.46,12.24,12.36,3698330,45659076.000
07/07/2011,12.34,12.47,12.26,12.29,3710474,45830212.000
07/08/2011,12.30,12.34,12.04,12.08,3186784,38758148.000
07/11/2011,12.14,12.67,12.08,12.50,6002161,74477560.000
07/12/2011,12.40,12.48,12.12,12.22,3116649,38269284.000
07/13/2011,12.18,12.39,12.18,12.34,2360804,29094254.000
07/14/2011,12.30,12.58,12.30,12.37,3049465,37846796.000
07/15/2011,12.40,12.62,12.31,12.56,4994378,62472596.000
07/18/2011,12.50,12.70,12.46,12.48,3800297,47890816.000
07/19/2011,12.40,12.40,12.18,12.25,2818755,34574412.000
07/20/2011,12.32,12.40,12.15,12.35,2286128,28075262.000
07/21/2011,13.15,13.59,13.15,13.59,14968580,201483264.000
07/22/2011,13.50,13.84,13.22,13.50,11438593,154321104.000
07/25/2011,13.41,13.97,13.41,13.65,11611877,158231984.000
07/26/2011,13.31,14.36,13.31,14.25,12853504,179499152.000
07/27/2011,14.00,14.28,13.89,14.10,8705454,122252584.000
07/28/2011,14.00,14.00,13.50,13.73,6706687,91711816.000
07/29/2011,13.60,13.78,13.34,13.47,4569108,61771948.000
08/01/2011,13.47,13.77,13.33,13.73,4871663,66101088.000
08/02/2011,13.69,13.95,13.45,13.78,5298783,72643312.000
08/03/2011,13.45,13.67,13.20,13.21,4887981,65144996.000
08/04/2011,13.11,13.37,13.11,13.25,2995665,39671872.000
08/05/2011,12.60,12.95,12.48,12.65,3775143,48093544.000
08/08/2011,12.36,12.50,11.39,11.85,4487911,53494628.000
08/09/2011,11.40,11.81,11.03,11.70,2867486,32828694.000
08/10/2011,11.82,12.16,11.71,11.72,2921585,34758640.000
08/11/2011,11.42,12.06,11.25,11.94,2892604,34050824.000
08/12/2011,11.99,12.27,11.90,12.09,3363034,40563300.000
08/15/2011,12.20,12.33,12.02,12.33,2106288,25727252.000
08/16/2011,12.38,12.40,12.13,12.19,1723092,21079732.000
08/17/2011,12.12,12.25,12.02,12.10,1523964,18457816.000
08/18/2011,12.06,12.14,11.90,11.91,1457099,17473932.000
08/19/2011,11.35,11.85,11.35,11.69,1283387,14901506.000
08/22/2011,11.70,11.85,11.60,11.71,922776,10808718.000
08/23/2011,11.72,12.13,11.72,12.04,1028037,12275209.000
08/24/2011,12.06,12.21,11.91,11.92,1292937,15571036.000
08/25/2011,11.92,12.30,11.90,12.20,1367161,16540051.000
08/26/2011,12.17,12.55,12.12,12.49,2755863,34096952.000
08/29/2011,12.30,12.47,12.25,12.30,1407764,17374610.000
08/30/2011,12.35,12.48,11.95,11.96,1670233,20349146.000
08/31/2011,12.00,12.11,11.65,12.08,935930,11142327.000
09/01/2011,12.08,12.14,11.90,11.98,582962,7009055.000
09/02/2011,12.01,12.09,11.75,12.09,716585,8542884.000
09/05/2011,11.83,12.00,11.71,11.99,649476,7696833.000
09/06/2011,11.94,12.80,11.94,12.22,3868227,47877892.000
09/07/2011,12.08,12.37,12.00,12.35,2339525,28570734.000
09/08/2011,12.36,12.39,12.13,12.15,1796619,22000474.000
09/09/2011,12.11,12.30,12.01,12.24,1286237,15633762.000
09/13/2011,12.09,12.14,11.82,12.10,1120597,13445514.000
09/14/2011,12.15,12.15,11.92,12.14,1101513,13269362.000
09/15/2011,12.20,12.20,12.03,12.05,1220388,14792385.000
09/16/2011,12.07,12.26,12.00,12.08,1096947,13297716.000
09/19/2011,12.06,12.06,11.68,11.85,1017400,12030832.000
09/20/2011,11.71,11.94,11.71,11.84,616338,7286720.000
09/21/2011,11.77,12.10,11.74,12.08,1638784,19644044.000
09/22/2011,11.97,12.06,11.71,11.73,1123392,13336187.000
09/23/2011,11.65,11.75,11.44,11.75,1402743,16266182.000
09/26/2011,11.66,11.80,11.51,11.76,598864,7002079.000
09/27/2011,11.83,11.97,11.64,11.74,505500,5923621.000
09/28/2011,11.86,11.86,11.30,11.39,1212656,14003760.000
09/29/2011,11.29,11.31,10.25,10.65,1878024,19930352.000
09/30/2011,10.48,10.59,10.03,10.40,956778,9943885.000
10/10/2011,10.40,10.55,10.12,10.30,746673,7674160.500
10/11/2011,10.40,10.59,10.16,10.42,1144309,11928159.000
10/12/2011,10.26,10.82,10.24,10.72,1763087,18693522.000
10/13/2011,10.70,10.86,10.62,10.78,1073907,11561636.000
10/14/2011,10.70,10.77,10.56,10.65,444301,4729229.500
10/17/2011,10.74,10.79,10.61,10.73,646303,6914576.000
10/18/2011,10.70,10.80,10.50,10.50,773689,8272088.000
10/19/2011,10.42,10.64,10.36,10.64,608815,6387761.000
10/20/2011,10.51,10.58,10.08,10.43,752651,7737171.500
10/21/2011,10.31,10.42,9.73,10.04,1026640,10409901.000
10/24/2011,10.00,10.18,9.83,10.18,783057,7858540.500
10/25/2011,10.18,10.38,10.05,10.32,824942,8455205.000
10/26/2011,10.23,10.41,10.22,10.30,973255,10035012.000
10/27/2011,10.26,10.50,10.26,10.37,672508,6977439.000
10/28/2011,10.47,10.58,10.40,10.55,1034975,10846833.000
10/31/2011,10.65,11.14,10.55,10.81,1568537,17087786.000
11/01/2011,10.75,11.29,10.70,11.07,1536104,16948802.000
11/02/2011,10.90,11.08,10.71,11.05,1146741,12492591.000
11/03/2011,11.02,11.50,11.02,11.06,1437664,16183700.000
11/04/2011,11.16,11.58,11.05,11.38,1788365,20344452.000
11/07/2011,11.36,11.45,11.23,11.34,844386,9560465.000
11/08/2011,11.24,11.38,11.16,11.18,645535,7255982.500
11/09/2011,11.18,11.51,11.16,11.51,1009329,11416674.000
11/10/2011,11.38,11.71,11.34,11.45,1529223,17678754.000
11/11/2011,11.41,11.79,11.41,11.74,1449273,16918870.000
11/14/2011,11.75,11.95,11.73,11.84,1330386,15752625.000
11/15/2011,11.83,11.96,11.60,11.87,1003889,11816922.000
11/16/2011,11.75,11.95,11.56,11.60,902832,10603850.000
11/17/2011,11.56,11.71,11.38,11.51,734075,8491271.000
11/18/2011,11.44,11.50,11.09,11.12,704902,7940308.500
11/21/2011,11.12,11.40,11.00,11.31,488112,5461190.500
11/22/2011,11.30,11.69,11.22,11.56,1107606,12773978.000
11/23/2011,11.58,11.69,11.38,11.50,499951,5766970.500
11/24/2011,11.34,11.53,11.16,11.35,557610,6330442.000
11/25/2011,11.30,11.55,11.30,11.31,506967,5797052.000
11/28/2011,11.22,11.40,11.01,11.13,768788,8549111.000
11/29/2011,11.16,11.23,11.10,11.23,587051,6568886.000
11/30/2011,11.23,11.39,10.52,10.80,673975,7401655.500
12/01/2011,11.05,11.23,10.91,11.00,669070,7419078.500
12/02/2011,10.95,11.08,10.56,10.60,417499,4481932.500
12/05/2011,10.60,11.30,10.28,10.71,1244207,13596958.000
12/06/2011,10.58,11.17,10.35,10.89,757307,8245135.000
12/07/2011,10.90,10.95,10.64,10.78,563698,6085901.500
12/08/2011,10.88,10.88,10.51,10.76,369897,3954608.500
12/09/2011,10.58,10.74,10.43,10.48,365887,3855119.000
12/12/2011,10.34,10.54,10.08,10.10,375669,3847630.250
12/13/2011,10.10,10.10,9.65,9.70,912053,8927038.000
12/14/2011,9.76,9.80,9.01,9.06,789170,7429870.000
12/15/2011,9.14,9.14,8.64,8.84,1642527,14472806.000
12/16/2011,8.80,9.05,8.75,9.05,607218,5406169.000
12/19/2011,8.95,9.02,8.69,8.95,513159,4538288.000
12/20/2011,8.94,9.18,8.84,9.03,533307,4824925.000
12/21/2011,9.06,9.25,8.89,8.89,558200,5079519.500
12/22/2011,8.85,8.85,8.31,8.56,689261,5905975.000
12/23/2011,8.50,8.68,8.46,8.58,550844,4708948.500
12/26/2011,8.80,8.80,8.55,8.63,340579,2936906.500
12/27/2011,8.59,8.68,8.27,8.34,462805,3889625.250
12/28/2011,8.33,8.33,7.86,8.05,505670,4046433.500
12/29/2011,8.05,8.07,7.91,7.98,377930,3028010.500
12/30/2011,8.06,8.13,8.04,8.09,595965,4811033.500
01/04/2012,8.17,8.20,7.91,7.91,465469,3763833.000
01/05/2012,7.85,7.91,7.32,7.33,392102,2972434.750
01/06/2012,7.46,7.46,7.24,7.36,358064,2622789.750
01/09/2012,7.40,7.75,7.36,7.70,598859,4563879.000
01/10/2012,7.75,8.23,7.70,8.16,1460536,11714358.000
01/11/2012,8.17,8.19,7.97,8.08,1004618,8133551.500
01/12/2012,8.05,8.17,8.00,8.12,1795164,14542954.000
01/13/2012,8.12,8.18,7.73,7.91,1332744,10566594.000
01/16/2012,7.85,7.86,7.60,7.68,601762,4620757.500
01/17/2012,7.80,8.45,7.80,8.45,5874834,49023504.000
01/18/2012,8.06,8.35,8.03,8.09,4188738,34230804.000
01/19/2012,7.91,8.27,7.70,8.08,2068037,16713473.000
01/20/2012,8.09,8.23,7.91,8.13,1861663,15130782.000
01/30/2012,8.11,8.36,8.10,8.14,1328900,10915615.000
01/31/2012,8.10,8.30,8.07,8.27,1506172,12351811.000
02/01/2012,8.27,8.28,8.05,8.10,1572428,12870043.000
02/02/2012,8.20,8.82,8.16,8.65,4412025,37477092.000
02/03/2012,8.52,8.80,8.45,8.75,3136859,26933826.000
02/06/2012,8.75,8.75,8.50,8.66,2450298,21081878.000
02/07/2012,8.62,8.62,8.33,8.40,1796845,15135993.000
02/08/2012,8.35,8.59,8.35,8.59,1531333,13001040.000
02/09/2012,8.59,8.70,8.47,8.64,2076325,17890996.000
02/10/2012,8.56,8.73,8.56,8.65,1662214,14368571.000
02/13/2012,8.59,8.85,8.50,8.77,1923432,16809806.000
02/14/2012,8.77,8.80,8.63,8.70,1580570,13748435.000
02/15/2012,8.75,9.01,8.65,8.95,2264531,20133684.000
02/16/2012,8.91,9.19,8.80,9.00,2353792,21154584.000
02/17/2012,8.97,9.03,8.81,8.90,1274006,11339396.000
02/20/2012,8.98,9.07,8.86,8.89,1392558,12480988.000
02/21/2012,8.86,8.95,8.67,8.94,1418591,12492540.000
02/22/2012,8.95,9.19,8.90,9.14,2482269,22586090.000
02/23/2012,9.12,9.18,9.01,9.18,1610378,14691213.000
02/24/2012,9.18,9.30,9.00,9.26,2715605,24886968.000
02/27/2012,9.26,9.48,9.17,9.20,2541622,23696874.000
02/28/2012,9.15,9.29,9.00,9.28,2041991,18705526.000
02/29/2012,9.26,9.59,9.17,9.43,3162905,29871176.000
03/01/2012,9.32,9.93,9.27,9.77,3865175,37525248.000
03/02/2012,9.78,9.96,9.65,9.93,2415205,23730346.000
03/05/2012,9.93,9.99,9.78,9.82,1913677,18828110.000
03/06/2012,9.77,9.84,9.51,9.60,1863263,17960922.000
03/07/2012,9.53,9.69,9.45,9.59,1158499,11096549.000
03/08/2012,9.63,9.72,9.50,9.60,1631408,15710450.000
03/09/2012,9.64,10.10,9.58,10.05,3323180,32941752.000
03/12/2012,10.12,10.12,9.86,9.97,1962936,19523024.000
03/13/2012,9.93,10.17,9.88,10.04,2161859,21669588.000
03/14/2012,10.04,10.06,9.10,9.38,3685516,35564744.000
03/15/2012,9.35,9.44,8.91,9.11,1773727,16181136.000
03/16/2012,9.12,9.30,8.95,9.28,2030418,18557248.000
03/19/2012,9.29,9.46,9.15,9.45,1463644,13620475.000
03/20/2012,9.39,9.39,9.01,9.07,1364315,12513360.000
03/21/2012,9.15,9.19,8.85,9.06,1563136,14049016.000
03/22/2012,9.06,9.06,8.91,9.06,1089606,9812469.000
03/23/2012,9.01,9.05,8.85,9.03,1310806,11758226.000
03/26/2012,9.04,9.26,8.96,9.22,2145984,19643594.000
03/27/2012,9.22,9.30,9.04,9.04,1362721,12449588.000
03/28/2012,8.97,9.00,8.54,8.58,1409245,12280442.000
03/29/2012,8.50,8.60,8.31,8.35,1082606,9138296.000
03/30/2012,8.35,8.50,8.05,8.13,1159831,9504268.000
04/05/2012,8.12,8.47,8.10,8.37,838041,6962472.000
04/06/2012,8.38,8.66,8.37,8.65,1417002,12136128.000
04/09/2012,8.60,8.61,8.46,8.46,922340,7869559.000
04/10/2012,8.44,8.72,8.20,8.68,1062544,8970711.000
04/11/2012,8.52,9.04,8.45,8.80,1364934,12026255.000
04/12/2012,8.73,9.20,8.73,9.14,1749213,15774131.000
04/13/2012,9.18,9.56,9.11,9.12,3804529,35225072.000
04/16/2012,9.12,9.48,8.95,9.26,1786973,16500414.000
04/17/2012,9.19,9.34,9.08,9.12,1032983,9476972.000
04/18/2012,9.13,9.24,9.02,9.20,1021245,9361787.000
04/19/2012,9.20,9.26,9.17,9.21,809851,7462402.000
04/20/2012,9.18,9.40,9.18,9.29,1039241,9665988.000
04/23/2012,9.11,9.32,8.85,8.88,1600014,14419081.000
04/24/2012,8.78,8.94,8.19,8.58,1537190,13126180.000
04/25/2012,8.51,8.72,8.46,8.69,1008020,8683435.000
04/26/2012,8.69,8.78,8.60,8.68,1055233,9157185.000
04/27/2012,8.68,8.72,8.47,8.53,661882,5684632.000
05/02/2012,8.59,8.60,8.29,8.41,1812802,15203206.000
05/03/2012,8.40,8.52,8.31,8.48,1213516,10223924.000
05/04/2012,8.48,8.64,8.44,8.61,908076,7772288.500
05/07/2012,8.70,8.74,8.60,8.67,1375655,11921381.000
05/08/2012,8.67,8.75,8.59,8.70,977821,8490164.000
05/09/2012,8.68,8.69,8.56,8.57,803605,6915382.500
05/10/2012,8.58,8.74,8.58,8.69,906462,7857402.000
05/11/2012,8.69,8.73,8.60,8.69,842510,7303138.000
05/14/2012,8.73,8.79,8.58,8.67,1232522,10730780.000
05/15/2012,8.60,8.60,8.38,8.50,1110068,9393293.000
05/16/2012,8.49,8.70,8.44,8.55,1026941,8834261.000
05/18/2012,8.56,8.82,8.56,8.60,1653935,14374849.000
05/21/2012,8.54,8.69,8.50,8.62,749017,6447440.000
05/22/2012,8.62,8.80,8.62,8.78,844108,7355764.000
05/23/2012,8.78,8.86,8.68,8.77,1070908,9390332.000
05/24/2012,8.77,8.77,8.50,8.57,990679,8565205.000
05/25/2012,8.57,8.60,8.41,8.45,959381,8168641.000
05/28/2012,8.50,8.50,8.05,8.40,742432,6141626.000
05/29/2012,8.40,8.51,8.37,8.47,626480,5296768.000
05/30/2012,8.49,8.58,8.46,8.54,727520,6202385.000
05/31/2012,8.56,9.39,8.56,9.39,6416610,59311980.000
06/01/2012,9.08,9.33,9.02,9.20,4614182,42333736.000
06/04/2012,9.02,9.16,8.77,9.01,3266924,29161630.000
06/05/2012,8.98,9.29,8.93,9.17,2909925,26618852.000
06/06/2012,9.17,9.28,8.99,9.06,1836975,16762154.000
06/07/2012,9.20,9.25,8.86,9.08,1709705,15424647.000
06/08/2012,9.11,9.34,8.99,9.22,3064374,28200850.000
06/11/2012,9.15,9.65,9.15,9.41,4205525,39579340.000
06/12/2012,9.26,9.32,9.08,9.16,1913216,17599448.000
06/13/2012,9.16,9.30,9.01,9.30,1933157,17717858.000
06/14/2012,9.25,9.45,9.13,9.29,2715651,25276634.000
06/15/2012,9.33,9.46,9.20,9.30,2522298,23550756.000
06/18/2012,9.27,9.39,9.13,9.21,2061245,19025604.000
06/19/2012,9.16,9.39,9.12,9.29,1911598,17694716.000
06/20/2012,9.33,9.33,9.04,9.11,1694168,15471766.000
06/21/2012,9.02,9.11,8.80,8.83,1341588,11916046.000
06/25/2012,8.77,8.80,8.57,8.64,1102150,9548036.000
06/26/2012,8.57,8.66,8.46,8.61,671462,5757394.000
06/27/2012,8.60,8.74,8.58,8.61,665651,5764962.500
06/28/2012,8.63,8.67,8.25,8.34,634491,5408243.500
06/29/2012,8.30,8.50,8.20,8.47,841334,7024303.000
07/02/2012,8.49,8.70,8.46,8.58,940954,8089597.500
07/03/2012,8.61,8.69,8.41,8.56,1166887,9999222.000
07/04/2012,9.42,9.42,9.42,9.42,1669734,15728894.000
07/05/2012,9.79,10.36,9.50,10.36,19700772,201380624.000
07/06/2012,10.16,10.70,9.76,10.38,13375938,136388640.000
07/09/2012,10.45,10.74,9.91,10.16,9391555,97591248.000
07/10/2012,10.29,10.48,9.93,10.02,7179782,73406832.000
07/11/2012,9.80,9.88,9.32,9.83,8709264,83028896.000
07/12/2012,9.66,10.81,9.47,10.81,12395352,125225368.000
07/13/2012,10.88,11.58,10.45,10.60,14462815,156528272.000
07/16/2012,10.35,11.00,10.05,10.40,12367865,129541152.000
07/17/2012,10.25,10.69,9.88,10.55,8677504,89776200.000
07/18/2012,10.40,11.20,10.11,11.01,13936791,149352752.000
07/19/2012,10.82,10.99,10.58,10.77,8766669,94505704.000
07/20/2012,10.60,10.80,10.12,10.17,6331167,66326852.000
07/23/2012,9.92,10.23,9.60,10.19,5856501,58066092.000
07/24/2012,10.08,10.37,9.86,9.99,4310229,43550724.000
07/25/2012,10.02,10.18,9.20,9.39,8060799,77778272.000
07/26/2012,9.29,9.53,8.90,8.99,5298101,48990756.000
07/27/2012,9.08,9.19,8.75,8.83,3274582,29278932.000
07/30/2012,8.82,8.84,7.98,8.08,5091267,42433028.000
07/31/2012,8.00,8.03,7.72,7.98,2714087,21391382.000
08/01/2012,7.95,8.27,7.92,8.15,2457929,19933396.000
08/02/2012,8.16,8.25,7.98,8.03,2595481,21047380.000
08/03/2012,8.03,8.32,7.85,8.30,3890966,31277498.000
08/06/2012,8.18,8.48,8.10,8.36,3904719,32371164.000
08/07/2012,8.40,8.86,8.31,8.66,4713792,40328252.000
08/08/2012,8.56,8.63,8.37,8.42,3377055,28622198.000
08/09/2012,8.45,8.64,8.37,8.56,3279282,27914578.000
08/10/2012,8.48,8.55,8.36,8.45,2590578,21887912.000
08/13/2012,8.41,8.54,8.24,8.25,1904544,16000570.000
08/14/2012,8.21,8.34,7.96,8.23,1690854,13762348.000
08/15/2012,8.15,8.25,8.10,8.13,1086146,8883099.000
08/16/2012,8.15,8.16,7.98,8.00,1309109,10551584.000
08/17/2012,8.00,8.06,7.85,8.04,1190964,9488686.000
08/20/2012,8.03,8.15,7.90,8.14,1093552,8784716.000
08/21/2012,8.18,8.32,8.10,8.30,1818234,15001846.000
08/22/2012,8.26,8.36,8.15,8.20,1789293,14805202.000
08/23/2012,8.20,8.45,8.20,8.40,2128417,17805638.000
08/24/2012,8.40,8.42,8.10,8.10,1458924,12061911.000
08/27/2012,8.04,8.05,7.82,7.89,1275361,10109753.000
08/28/2012,7.89,8.07,7.83,8.01,950918,7609431.000
08/29/2012,8.02,8.18,7.98,8.00,1170067,9443842.000
08/30/2012,8.00,8.07,7.82,7.86,1369810,10851128.000
08/31/2012,7.86,7.98,7.85,7.94,687999,5443327.500
09/03/2012,7.90,8.07,7.88,8.04,679703,5450754.000
09/04/2012,8.05,8.13,8.00,8.08,1114128,8989313.000
09/05/2012,8.09,8.18,8.03,8.10,907850,7351696.500
09/06/2012,8.08,8.21,8.07,8.19,1556892,12655452.000
09/07/2012,8.25,8.50,8.18,8.38,3166133,26517608.000
09/10/2012,8.37,8.64,8.32,8.53,2929869,24832322.000
09/11/2012,8.58,8.95,8.41,8.85,5121872,44487264.000
09/12/2012,8.83,8.97,8.68,8.87,4432581,39025048.000
09/13/2012,8.73,8.75,8.43,8.52,3327859,28661848.000
09/14/2012,8.53,8.60,8.42,8.52,1780005,15130305.000
09/17/2012,8.46,8.55,8.14,8.14,2191369,18280250.000
09/18/2012,8.14,8.28,8.08,8.19,987800,8098511.500
09/19/2012,8.22,8.38,8.19,8.32,1045536,8674634.000
09/20/2012,8.35,8.35,8.05,8.06,1230871,10042457.000
09/21/2012,8.06,8.15,8.03,8.12,701579,5679635.500
09/24/2012,8.08,8.24,8.08,8.23,874120,7158403.000
09/25/2012,8.23,8.25,8.06,8.13,637550,5200251.000
09/26/2012,8.10,8.16,7.80,7.84,1003814,7976118.000
09/27/2012,7.84,8.09,7.82,8.00,900498,7171986.500
09/28/2012,7.98,8.15,7.92,8.12,572232,4620913.500
10/08/2012,8.12,8.19,8.07,8.19,718830,5853710.500
10/09/2012,8.19,8.47,8.15,8.38,1118916,9326877.000
10/10/2012,8.38,8.58,8.34,8.50,1889974,16054639.000
10/11/2012,8.48,8.48,8.24,8.25,1229048,10274710.000
10/12/2012,8.26,8.36,8.16,8.26,1002817,8294050.500
10/15/2012,8.26,8.32,8.19,8.31,950869,7844539.000
10/16/2012,8.26,8.42,8.23,8.35,994633,8296891.500
10/17/2012,8.36,8.37,8.22,8.34,620289,5156106.500
10/18/2012,8.36,8.48,8.35,8.43,1060966,8956768.000
10/19/2012,8.42,8.63,8.40,8.54,1733178,14761794.000
10/22/2012,8.53,8.53,8.42,8.50,1025932,8694018.000
10/23/2012,8.51,8.59,8.40,8.48,1268538,10787050.000
10/24/2012,8.45,8.55,8.41,8.54,959865,8128514.500
10/25/2012,8.53,8.62,8.36,8.40,1048542,8878632.000
10/26/2012,8.44,8.49,8.06,8.20,1335036,10997946.000
10/29/2012,8.15,8.33,8.10,8.15,598028,4903561.500
10/30/2012,8.21,8.21,8.08,8.18,537609,4381918.500
10/31/2012,8.22,8.36,8.15,8.23,534704,4397515.500
11/01/2012,8.15,8.42,8.15,8.32,1001721,8329130.500
11/02/2012,8.37,8.48,8.26,8.39,1040525,8710304.000
11/05/2012,8.45,8.59,8.36,8.46,1669727,14174097.000
11/06/2012,8.41,8.46,8.18,8.30,1165490,9653833.000
11/07/2012,8.33,8.37,8.26,8.28,510564,4241716.500
11/08/2012,8.23,8.27,8.06,8.10,729139,5949834.500
11/09/2012,8.10,8.16,8.03,8.06,532211,4300577.000
11/12/2012,8.07,8.21,8.07,8.20,744561,6071609.500
11/13/2012,8.20,8.21,8.00,8.03,771302,6238234.000
11/14/2012,8.02,8.11,7.97,8.11,649244,5212413.500
11/15/2012,8.07,8.12,7.97,8.08,670354,5383901.000
11/16/2012,8.02,8.06,7.30,7.84,880388,6919118.500
11/19/2012,7.80,7.90,7.79,7.87,648466,5092723.000
11/20/2012,7.90,7.95,7.77,7.85,292951,2302069.750
11/21/2012,7.85,7.94,7.77,7.94,439254,3450716.750
11/22/2012,7.92,7.92,7.77,7.80,324699,2551442.250
11/23/2012,7.82,7.91,7.75,7.89,345650,2713686.500
11/26/2012,7.87,8.02,7.82,7.88,478008,3786138.500
11/27/2012,7.88,7.90,7.39,7.40,814683,6157132.000
11/28/2012,7.37,7.44,7.23,7.36,686433,5019951.000
11/29/2012,7.30,7.43,7.18,7.18,313100,2285592.500
11/30/2012,7.18,7.30,7.10,7.24,509564,3669494.000
12/03/2012,7.30,7.30,6.92,6.96,703300,5017544.000
12/04/2012,6.93,7.00,6.41,6.96,708665,4800679.500
12/05/2012,6.95,7.29,6.91,7.20,710430,5061248.000
12/06/2012,7.20,7.27,7.12,7.19,415398,2989073.500
12/07/2012,7.20,7.46,7.13,7.44,982763,7183978.500
12/10/2012,7.44,7.58,7.37,7.51,929253,6948889.000
12/11/2012,7.49,7.57,7.42,7.48,573338,4302111.000
12/12/2012,7.44,7.55,7.39,7.49,721583,5381024.500
12/13/2012,7.47,7.49,7.31,7.34,367030,2714253.500
12/14/2012,7.38,7.92,7.25,7.87,1737815,13225496.000
12/17/2012,7.80,7.94,7.70,7.80,1398160,10873447.000
12/18/2012,7.76,7.85,7.66,7.78,747570,5802659.000
12/19/2012,7.77,7.82,7.73,7.79,552826,4300398.000
12/20/2012,7.74,7.80,7.67,7.78,531622,4112727.750
12/21/2012,7.82,7.88,7.75,7.79,543657,4240026.500
12/24/2012,7.75,7.93,7.74,7.86,634284,4965026.500
12/25/2012,7.84,8.03,7.79,7.94,1619337,12856174.000
12/26/2012,7.94,8.07,7.91,8.04,1047312,8393510.000
12/27/2012,8.05,8.19,8.02,8.07,1258077,10200706.000
12/28/2012,8.18,8.53,8.11,8.19,1498058,12363708.000
12/31/2012,8.20,8.27,8.11,8.18,1071404,8760231.000
01/04/2013,8.19,8.26,8.12,8.12,965602,7883445.000
01/07/2013,8.12,8.30,8.12,8.20,1185769,9760867.000
01/08/2013,8.20,8.38,8.20,8.29,1291127,10674214.000
01/09/2013,8.30,8.36,8.22,8.29,1336256,11078596.000
01/10/2013,8.28,8.29,8.20,8.25,1009718,8316685.000
01/11/2013,8.25,8.94,8.18,8.53,4857733,41581856.000
01/14/2013,8.41,8.75,8.41,8.70,3726154,32077830.000
01/15/2013,8.65,8.90,8.61,8.82,3047934,26575028.000
01/16/2013,8.82,8.82,8.47,8.60,2337712,20120546.000
01/17/2013,8.61,8.68,8.44,8.47,1276160,10898048.000
01/18/2013,8.49,8.64,8.45,8.61,1338134,11445800.000
01/21/2013,8.62,8.66,8.56,8.62,1281780,11041307.000
01/22/2013,8.60,8.62,8.34,8.40,1488321,12645780.000
01/23/2013,8.40,8.64,8.36,8.58,1291619,11009990.000
01/24/2013,8.60,8.65,8.18,8.28,1511413,12751519.000
01/25/2013,8.28,8.35,8.17,8.22,675450,5566809.000
01/28/2013,8.24,9.04,8.24,9.04,7982288,70935112.000
01/29/2013,9.04,9.80,9.04,9.35,10113926,94846200.000
01/30/2013,9.20,9.75,9.03,9.66,7660047,71983928.000
01/31/2013,9.48,9.64,9.26,9.32,4228628,39922416.000
02/01/2013,9.32,9.42,9.18,9.35,2348747,21779730.000
02/04/2013,9.25,9.40,8.98,9.11,2037707,18621740.000
02/05/2013,9.11,9.35,9.11,9.24,2274324,21060784.000
02/06/2013,9.17,9.30,9.15,9.20,1225947,11281446.000
02/07/2013,9.28,9.28,9.02,9.14,1168412,10668683.000
02/08/2013,9.14,9.39,9.07,9.29,1447116,13374636.000
02/18/2013,9.30,9.37,9.20,9.31,1444906,13423325.000
02/19/2013,9.31,9.31,9.07,9.10,1114615,10263923.000
02/20/2013,9.10,9.30,9.08,9.28,1148256,10577951.000
02/21/2013,9.28,9.55,9.08,9.45,2083379,19453370.000
02/22/2013,9.45,9.48,9.29,9.39,1169743,10984255.000
02/25/2013,9.40,9.72,9.29,9.71,2670527,25438202.000
02/26/2013,9.99,10.68,9.98,10.34,8256914,86297960.000
02/27/2013,10.01,10.30,9.71,10.25,5007612,50063540.000
02/28/2013,10.21,10.21,9.95,10.05,2812650,28265104.000
03/01/2013,10.06,10.11,9.82,10.10,2214493,22068850.000
03/04/2013,10.02,10.28,9.87,9.89,2729786,27392598.000
03/05/2013,9.89,10.07,9.82,10.02,1544915,15398923.000
03/06/2013,10.02,10.30,9.98,10.27,2436647,24679036.000
03/07/2013,10.24,10.43,10.08,10.38,3290186,33756532.000
03/08/2013,10.36,10.48,10.00,10.01,1982663,20290770.000
03/11/2013,10.01,10.15,9.87,10.06,1078943,10776920.000
03/12/2013,10.13,10.13,9.26,9.50,1985486,19220256.000
03/13/2013,9.23,9.57,9.23,9.41,782557,7319872.500
03/14/2013,9.41,9.46,9.25,9.26,1041611,9739955.000
03/15/2013,9.26,9.46,9.26,9.29,746189,6987197.500
03/18/2013,9.29,9.39,9.22,9.28,812226,7543084.000
03/19/2013,9.30,9.38,9.23,9.32,831726,7757001.000
03/20/2013,9.35,9.57,9.30,9.52,916270,8686316.000
03/21/2013,9.53,9.79,9.45,9.63,1087549,10482053.000
03/22/2013,9.62,9.73,9.59,9.68,775831,7491592.500
03/25/2013,9.70,9.74,9.50,9.65,1008746,9718841.000
03/26/2013,9.64,9.64,9.26,9.60,909735,8626749.000
03/27/2013,9.60,9.79,9.55,9.73,1195639,11596331.000
03/28/2013,9.78,9.78,9.49,9.54,1183126,11346816.000
03/29/2013,9.54,9.66,9.45,9.54,783799,7479377.500
04/01/2013,9.56,9.59,9.40,9.54,966886,9180434.000
04/02/2013,9.51,9.82,9.51,9.82,2191425,21231472.000
04/03/2013,9.81,10.80,9.80,10.30,5937973,61448120.000
04/08/2013,10.32,10.35,9.81,10.20,3478199,35053432.000
04/09/2013,10.20,10.24,9.98,10.19,1773796,17913246.000
04/10/2013,10.21,10.24,9.98,10.03,1096692,11036726.000
04/11/2013,10.03,10.25,10.00,10.02,1234931,12487096.000
04/12/2013,10.02,10.37,10.02,10.27,2371977,24248956.000
04/15/2013,10.30,10.64,10.28,10.36,2532488,26406546.000
04/16/2013,10.09,10.27,10.00,10.15,1106296,11232601.000
04/17/2013,10.06,10.98,10.06,10.97,4739592,50163668.000
04/18/2013,10.75,10.88,10.61,10.64,2622553,28115860.000
04/19/2013,10.70,10.76,10.55,10.68,2822966,30063140.000
04/22/2013,10.67,11.15,10.61,10.78,3582648,38989076.000
04/23/2013,10.79,10.80,10.13,10.31,2564877,26686360.000
04/24/2013,10.36,10.65,10.21,10.64,2090017,21834020.000
05/07/2013,11.70,11.70,11.00,11.70,7005011,81067040.000
05/08/2013,11.82,12.87,11.80,12.86,14036240,176215696.000
05/09/2013,12.58,12.70,12.08,12.46,9388306,116013384.000
05/10/2013,12.35,12.57,12.01,12.20,5187994,63586948.000
05/13/2013,12.20,12.26,11.72,12.19,5061001,60698500.000
05/14/2013,11.99,12.38,11.90,12.05,3403721,41423432.000
05/15/2013,12.10,12.20,11.77,12.01,2874307,34276560.000
05/16/2013,11.94,12.15,11.91,12.00,2402490,28896642.000
05/17/2013,11.93,12.17,11.92,12.15,3019900,36412992.000
05/20/2013,12.15,12.33,11.74,11.90,4266669,50896956.000
05/21/2013,11.83,12.14,11.76,11.90,2814186,33418138.000
05/22/2013,11.89,12.19,11.81,12.19,4841947,58275564.000
05/23/2013,12.26,12.48,11.87,11.93,4085568,49638644.000
05/24/2013,11.83,11.92,11.56,11.70,3265577,38131064.000
05/27/2013,11.80,11.98,11.60,11.81,2498836,29402824.000
05/28/2013,11.80,11.81,11.30,11.56,2716060,31248648.000
05/29/2013,11.56,11.70,11.40,11.66,1811209,20986480.000
05/30/2013,11.63,12.04,11.58,12.01,3000630,35411328.000
05/31/2013,12.00,12.14,11.71,11.73,2191960,26123392.000
06/03/2013,11.73,11.93,11.53,11.67,1822416,21299698.000
06/04/2013,11.66,11.73,11.25,11.30,1522580,17429756.000
06/05/2013,11.29,11.40,11.05,11.21,1466070,16396708.000
06/06/2013,11.15,11.21,11.03,11.21,1200410,13370469.000
06/07/2013,11.19,11.35,11.05,11.15,1098702,12304134.000
06/13/2013,10.32,11.15,10.32,10.82,1379077,14723717.000
06/14/2013,10.80,11.04,10.80,10.85,1047111,11432391.000
06/17/2013,10.90,11.35,10.82,11.16,1309580,14565078.000
06/18/2013,11.25,11.27,10.90,11.03,942058,10405016.000
06/19/2013,11.00,11.02,10.75,10.96,700649,7614777.500
06/20/2013,10.91,11.38,10.83,10.98,2007520,22382630.000
06/21/2013,10.89,11.35,10.62,11.30,2466275,27680404.000
06/24/2013,11.30,11.35,10.17,10.17,2431758,26268728.000
06/25/2013,9.91,10.00,9.15,9.60,3201234,30323626.000
06/26/2013,9.60,9.85,9.48,9.79,1564218,15126046.000
06/27/2013,9.80,10.02,9.62,9.69,1871816,18444334.000
06/28/2013,9.53,10.00,9.26,10.00,1582776,15441269.000
07/01/2013,10.00,10.00,9.78,9.99,808581,7998515.500
07/02/2013,10.08,10.17,9.90,10.15,834176,8368971.000
07/03/2013,10.17,10.19,9.93,10.11,957101,9617556.000
07/04/2013,10.16,10.18,9.90,10.09,996943,10052194.000
07/05/2013,10.09,10.13,9.99,10.07,735334,7390372.500
07/08/2013,10.08,10.15,9.58,9.61,784101,7670101.500
07/09/2013,9.73,9.76,9.55,9.73,493911,4761540.000
07/10/2013,9.65,9.93,9.65,9.93,1072754,10508137.000
07/11/2013,9.97,10.29,9.85,10.16,1511427,15317359.000
07/12/2013,10.23,10.38,10.02,10.09,1302131,13287601.000
07/15/2013,10.07,10.38,9.95,10.31,1656102,16830928.000
07/16/2013,10.31,10.44,10.16,10.32,1340227,13798008.000
07/17/2013,10.20,10.84,10.20,10.58,2081257,21996646.000
07/18/2013,10.49,10.66,10.30,10.50,900058,9403456.000
07/19/2013,10.60,10.68,10.21,10.21,980738,10221007.000
07/22/2013,10.21,10.30,10.00,10.12,1173126,11892083.000
07/23/2013,10.12,10.45,10.12,10.38,1086480,11195164.000
07/24/2013,10.38,10.69,10.31,10.67,1593810,16729280.000
07/25/2013,10.67,10.68,10.38,10.43,862761,9077947.000
07/26/2013,10.37,10.49,10.20,10.30,630582,6504177.500
07/29/2013,10.26,10.27,9.95,9.95,973882,9797111.000
07/30/2013,10.00,10.16,9.88,10.06,702828,7047773.000
07/31/2013,10.06,10.19,9.98,10.09,663449,6704286.000
08/01/2013,10.08,10.33,10.08,10.30,966160,9898258.000
08/02/2013,10.30,10.59,10.25,10.48,2137231,22273606.000
08/05/2013,10.45,10.68,10.37,10.60,1551736,16375922.000
08/06/2013,10.54,10.80,10.53,10.68,1397486,14874733.000
08/07/2013,10.68,11.08,10.45,10.90,2770773,29949352.000
08/08/2013,10.86,11.05,10.75,10.94,1589119,17325006.000
08/09/2013,10.95,12.03,10.92,11.69,6325633,73262032.000
08/12/2013,11.59,11.80,11.41,11.67,3668902,42534036.000
08/13/2013,11.62,11.72,11.48,11.60,1231775,14218023.000
08/14/2013,12.05,12.49,11.92,12.24,4795567,58502868.000
08/15/2013,12.80,13.46,12.80,13.46,5012509,67176112.000
08/16/2013,12.11,13.68,12.11,12.33,12402730,156873296.000
08/19/2013,12.04,12.35,11.61,12.35,6261558,74964240.000
08/20/2013,12.05,13.59,12.05,13.59,10971343,142050656.000
08/21/2013,13.30,14.32,13.14,13.89,10118163,138145888.000
08/22/2013,13.62,13.76,13.26,13.31,5465865,73693992.000
08/23/2013,13.31,14.19,13.10,13.87,8198766,111557200.000
08/26/2013,13.80,13.97,13.54,13.86,4843511,66746816.000
08/27/2013,13.71,13.72,13.25,13.55,4432787,59661716.000
08/28/2013,13.51,13.51,12.73,12.73,5138141,66951752.000
08/29/2013,12.81,12.98,12.58,12.93,3148820,40309760.000
08/30/2013,12.83,12.94,12.12,12.16,3781452,47268572.000
09/02/2013,12.00,12.37,12.00,12.27,1816369,22243070.000